-1.6e-13 80 80 1.5e+16 1.5e+16 0 1 7.53316e-14
-1.5995e-13 80 80 1.5e+16 1.5e+16 0 1 7.53316e-14
-1.599e-13 80 80 1.5e+16 1.5e+16 0 1 7.53316e-14
-1.5985e-13 80 80 1.5e+16 1.5e+16 0 1 7.53316e-14
-1.598e-13 80 80 1.5e+16 1.5e+16 0 1 7.53316e-14
-1.5975e-13 80 80 1.5e+16 1.5e+16 0 1 7.53316e-14
-1.597e-13 80 80 1.5e+16 1.5e+16 0 1 7.53316e-14
-1.5965e-13 80 80 1.5e+16 1.5e+16 0 1 7.53316e-14
-1.596e-13 80 80 1.5e+16 1.5e+16 0 1 7.53316e-14
-1.5955e-13 80 80 1.5e+16 1.5e+16 0 1 7.53316e-14
-1.595e-13 80 80 1.5e+16 1.5e+16 0 1 7.53316e-14
-1.5945e-13 80 80 1.5e+16 1.5e+16 0 1 7.53316e-14
-1.594e-13 80 80 1.5e+16 1.5e+16 0 1 7.53316e-14
-1.5935e-13 80 80 1.5e+16 1.5e+16 0 1 7.53316e-14
-1.593e-13 80 80 1.5e+16 1.5e+16 0 1 7.53316e-14
-1.5925e-13 80 80 1.5e+16 1.5e+16 0 1.00062 7.40661e-08
-1.592e-13 80 80 1.5e+16 1.5e+16 0 1.00106 1.26642e-07
-1.5915e-13 80 80 1.5e+16 1.5e+16 0 1.00096 1.1521e-07
-1.591e-13 80 80 1.5e+16 1.5e+16 0 1.00049 5.86419e-08
-1.5905e-13 80 80 1.5e+16 1.5e+16 0 1 7.53316e-14
-1.59e-13 80 80 1.5e+16 1.5e+16 0 1 7.53316e-14
-1.5895e-13 80 80 1.5e+16 1.5e+16 0 1 7.53316e-14
-1.589e-13 80 80 1.5e+16 1.5e+16 0 1 7.53316e-14
-1.5885e-13 80 80 1.5e+16 1.5e+16 0 1 7.53316e-14
-1.588e-13 80 80 1.5e+16 1.5e+16 0 1 7.53316e-14
-1.5875e-13 80 80 1.5e+16 1.5e+16 0 1 7.53316e-14
-1.587e-13 80 80 1.5e+16 1.5e+16 0 1 7.53316e-14
-1.5865e-13 80 80 1.5e+16 1.5e+16 0 1 7.53316e-14
-1.586e-13 80 80 1.5e+16 1.5e+16 0 1 7.53316e-14
-1.5855e-13 80 80 1.5e+16 1.5e+16 0 1 7.53316e-14
-1.585e-13 80 80 1.5e+16 1.5e+16 0 1 7.53316e-14
-1.5845e-13 80 80 1.5e+16 1.5e+16 0 1 7.53316e-14
-1.584e-13 80 80 1.5e+16 1.5e+16 0 1 7.53316e-14
-1.5835e-13 80 80 1.5e+16 1.5e+16 0 1 7.53316e-14
-1.583e-13 80 80 1.5e+16 1.5e+16 0 1 7.53316e-14
-1.5825e-13 80 80 1.5e+16 1.5e+16 0 1.00136 1.63247e-07
-1.582e-13 80 80 1.5e+16 1.5e+16 0 1.00657 7.88016e-07
-1.5815e-13 80 80 1.5e+16 1.5e+16 0 1.01368 1.6396e-06
-1.581e-13 80 80 1.5e+16 1.5e+16 0 1.01739 2.08471e-06
-1.5805e-13 80 80 1.5e+16 1.5e+16 0 1.02391 2.86648e-06
-1.58e-13 80 80 1.5e+16 1.5e+16 0 1.0275 3.29678e-06
-1.5795e-13 80 80 1.5e+16 1.5e+16 0 1.03316 3.97473e-06
-1.579e-13 80 80 1.5e+16 1.5e+16 0 1.03577 4.28813e-06
-1.5785e-13 80 80 1.5e+16 1.5e+16 0 1.04104 4.91986e-06
-1.578e-13 80 80 1.5e+16 1.5e+16 0 1.04351 5.21501e-06
-1.5775e-13 80 80 1.5e+16 1.5e+16 0 1.04778 5.72754e-06
-1.577e-13 80 80 1.5e+16 1.5e+16 0 1.05011 6.00697e-06
-1.5765e-13 80 80 1.5e+16 1.5e+16 0 1.05399 6.47199e-06
-1.576e-13 80 80 1.5e+16 1.5e+16 0 1.05562 6.66687e-06
-1.5755e-13 80 80 1.5e+16 1.5e+16 0 1.05916 7.09132e-06
-1.575e-13 80 80 1.5e+16 1.5e+16 0 1.06057 7.26018e-06
-1.5745e-13 80 80 1.5e+16 1.5e+16 0 1.06363 7.62725e-06
-1.574e-13 80 80 1.5e+16 1.5e+16 0 1.06523 7.81886e-06
-1.5735e-13 80 80 1.5e+16 1.5e+16 0 1.06785 8.1328e-06
-1.573e-13 80 80 1.5e+16 1.5e+16 0 1.06838 8.19665e-06
-1.5725e-13 80 80 1.5e+16 1.5e+16 0 1.07012 8.40476e-06
-1.572e-13 80 80 1.5e+16 1.5e+16 0 1.06976 8.36196e-06
-1.5715e-13 80 80 1.5e+16 1.5e+16 0 1.07135 8.55241e-06
-1.571e-13 80 80 1.5e+16 1.5e+16 0 1.07237 8.67491e-06
-1.5705e-13 80 80 1.5e+16 1.5e+16 0 1.07368 8.83116e-06
-1.57e-13 80 80 1.5e+16 1.5e+16 0 1.07617 9.13058e-06
-1.5695e-13 80 80 1.5e+16 1.5e+16 0 1.07642 9.15997e-06
-1.569e-13 80 80 1.5e+16 1.5e+16 0 1.07795 9.34339e-06
-1.5685e-13 80 80 1.5e+16 1.5e+16 0 1.08011 9.60254e-06
-1.568e-13 80 80 1.5e+16 1.5e+16 0 1.08031 9.62673e-06
-1.5675e-13 80 80 1.5e+16 1.5e+16 0 1.08169 9.79186e-06
-1.567e-13 80 80 1.5e+16 1.5e+16 0 1.08265 9.9075e-06
-1.5665e-13 80 80 1.5e+16 1.5e+16 0 1.08366 1.00277e-05
-1.566e-13 80 80 1.5e+16 1.5e+16 0 1.08472 1.01545e-05
-1.5655e-13 80 80 1.5e+16 1.5e+16 0 1.08578 1.02826e-05
-1.565e-13 80 80 1.5e+16 1.5e+16 0 1.08649 1.03676e-05
-1.5645e-13 80 80 1.5e+16 1.5e+16 0 1.08719 1.04517e-05
-1.564e-13 80 80 1.5e+16 1.5e+16 0 1.08811 1.05618e-05
-1.5635e-13 80 80 1.5e+16 1.5e+16 0 1.08886 1.06515e-05
-1.563e-13 80 80 1.5e+16 1.5e+16 0 1.08962 1.07427e-05
-1.5625e-13 80 80 1.5e+16 1.5e+16 0 1.09054 1.08529e-05
-1.562e-13 80 80 1.5e+16 1.5e+16 0 1.09098 1.09059e-05
-1.5615e-13 80 80 1.5e+16 1.5e+16 0 1.09183 1.10076e-05
-1.561e-13 80 80 1.5e+16 1.5e+16 0 1.09248 1.10853e-05
-1.5605e-13 80 80 1.5e+16 1.5e+16 0 1.09316 1.11663e-05
-1.56e-13 80 80 1.5e+16 1.5e+16 0 1.09384 1.12479e-05
-1.5595e-13 80 80 1.5e+16 1.5e+16 0 1.09453 1.13314e-05
-1.559e-13 80 80 1.5e+16 1.5e+16 0 1.09514 1.14038e-05
-1.5585e-13 80 80 1.5e+16 1.5e+16 0 1.09599 1.15056e-05
-1.558e-13 80 80 1.5e+16 1.5e+16 0 1.09675 1.15972e-05
-1.5575e-13 80 80 1.5e+16 1.5e+16 0 1.09721 1.16523e-05
-1.557e-13 80 80 1.5e+16 1.5e+16 0 1.09781 1.17246e-05
-1.5565e-13 80 80 1.5e+16 1.5e+16 0 1.0987 1.18303e-05
-1.556e-13 80 80 1.5e+16 1.5e+16 0 1.09924 1.18951e-05
-1.5555e-13 80 80 1.5e+16 1.5e+16 0 1.10005 1.19927e-05
-1.555e-13 80 80 1.5e+16 1.5e+16 0 1.10057 1.20551e-05
-1.5545e-13 80 80 1.5e+16 1.5e+16 0 1.10132 1.21454e-05
-1.554e-13 80 80 1.5e+16 1.5e+16 0 1.10189 1.22134e-05
-1.5535e-13 80 80 1.5e+16 1.5e+16 0 1.10246 1.22818e-05
-1.553e-13 80 80 1.5e+16 1.5e+16 0 1.10266 1.23053e-05
-1.5525e-13 80 80 1.5e+16 1.5e+16 0 1.10315 1.23638e-05
-1.552e-13 80 80 1.5e+16 1.5e+16 0 1.1036 1.24175e-05
-1.5515e-13 80 80 1.5e+16 1.5e+16 0 1.10379 1.24412e-05
-1.551e-13 80 80 1.5e+16 1.5e+16 0 1.10422 1.24923e-05
-1.5505e-13 80 80 1.5e+16 1.5e+16 0 1.10451 1.25271e-05
-1.55e-13 80 80 1.5e+16 1.5e+16 0 1.10478 1.25592e-05
-1.5495e-13 80 80 1.5e+16 1.5e+16 0 1.10521 1.26114e-05
-1.549e-13 80 80 1.5e+16 1.5e+16 0 1.10567 1.26662e-05
-1.5485e-13 80 80 1.5e+16 1.5e+16 0 1.10612 1.27204e-05
-1.548e-13 80 80 1.5e+16 1.5e+16 0 1.1065 1.27657e-05
-1.5475e-13 80 80 1.5e+16 1.5e+16 0 1.10667 1.27861e-05
-1.547e-13 80 80 1.5e+16 1.5e+16 0 1.10689 1.28126e-05
-1.5465e-13 80 80 1.5e+16 1.5e+16 0 1.10723 1.28536e-05
-1.546e-13 80 80 1.5e+16 1.5e+16 0 1.10744 1.28787e-05
-1.5455e-13 80 80 1.5e+16 1.5e+16 0 1.10768 1.29068e-05
-1.545e-13 80 80 1.5e+16 1.5e+16 0 1.10791 1.29345e-05
-1.5445e-13 80 80 1.5e+16 1.5e+16 0 1.10793 1.29374e-05
-1.544e-13 80 80 1.5e+16 1.5e+16 0 1.10806 1.29532e-05
-1.5435e-13 80 80 1.5e+16 1.5e+16 0 1.10828 1.29793e-05
-1.543e-13 80 80 1.5e+16 1.5e+16 0 1.10839 1.29917e-05
-1.5425e-13 80 80 1.5e+16 1.5e+16 0 1.10838 1.29913e-05
-1.542e-13 80 80 1.5e+16 1.5e+16 0 1.10872 1.30314e-05
-1.5415e-13 80 80 1.5e+16 1.5e+16 0 1.10888 1.30509e-05
-1.541e-13 80 80 1.5e+16 1.5e+16 0 1.1088 1.30415e-05
-1.5405e-13 80 80 1.5e+16 1.5e+16 0 1.10921 1.30909e-05
-1.54e-13 80 80 1.5e+16 1.5e+16 0 1.10927 1.3098e-05
-1.5395e-13 80 80 1.5e+16 1.5e+16 0 1.10938 1.31113e-05
-1.539e-13 80 80 1.5e+16 1.5e+16 0 1.10939 1.31122e-05
-1.5385e-13 80 80 1.5e+16 1.5e+16 0 1.10965 1.3143e-05
-1.538e-13 80 80 1.5e+16 1.5e+16 0 1.10987 1.31693e-05
-1.5375e-13 80 80 1.5e+16 1.5e+16 0 1.11015 1.32031e-05
-1.537e-13 80 80 1.5e+16 1.5e+16 0 1.1102 1.32092e-05
-1.5365e-13 80 80 1.5e+16 1.5e+16 0 1.11057 1.3253e-05
-1.536e-13 80 80 1.5e+16 1.5e+16 0 1.11071 1.32702e-05
-1.5355e-13 80 80 1.5e+16 1.5e+16 0 1.11077 1.32771e-05
-1.535e-13 80 80 1.5e+16 1.5e+16 0 1.11092 1.32953e-05
-1.5345e-13 80 80 1.5e+16 1.5e+16 0 1.11095 1.32986e-05
-1.534e-13 80 80 1.5e+16 1.5e+16 0 1.11112 1.33193e-05
-1.5335e-13 80 80 1.5e+16 1.5e+16 0 1.11128 1.33387e-05
-1.533e-13 80 80 1.5e+16 1.5e+16 0 1.1114 1.33533e-05
-1.5325e-13 80 80 1.5e+16 1.5e+16 0 1.11159 1.33761e-05
-1.532e-13 80 80 1.5e+16 1.5e+16 0 1.11176 1.33957e-05
-1.5315e-13 80 80 1.5e+16 1.5e+16 0 1.11182 1.34039e-05
-1.531e-13 80 80 1.5e+16 1.5e+16 0 1.11198 1.34229e-05
-1.5305e-13 80 80 1.5e+16 1.5e+16 0 1.1121 1.34368e-05
-1.53e-13 80 80 1.5e+16 1.5e+16 0 1.11216 1.34446e-05
-1.5295e-13 80 80 1.5e+16 1.5e+16 0 1.11238 1.34701e-05
-1.529e-13 80 80 1.5e+16 1.5e+16 0 1.11248 1.34828e-05
-1.5285e-13 80 80 1.5e+16 1.5e+16 0 1.11266 1.35042e-05
-1.528e-13 80 80 1.5e+16 1.5e+16 0 1.11267 1.35059e-05
-1.5275e-13 80 80 1.5e+16 1.5e+16 0 1.11304 1.35493e-05
-1.527e-13 80 80 1.5e+16 1.5e+16 0 1.113 1.35453e-05
-1.5265e-13 80 80 1.5e+16 1.5e+16 0 1.11336 1.35876e-05
-1.526e-13 80 80 1.5e+16 1.5e+16 0 1.1133 1.35807e-05
-1.5255e-13 80 80 1.5e+16 1.5e+16 0 1.11351 1.36062e-05
-1.525e-13 80 80 1.5e+16 1.5e+16 0 1.11349 1.36033e-05
-1.5245e-13 80 80 1.5e+16 1.5e+16 0 1.11373 1.36318e-05
-1.524e-13 80 80 1.5e+16 1.5e+16 0 1.11367 1.36252e-05
-1.5235e-13 80 80 1.5e+16 1.5e+16 0 1.11386 1.36479e-05
-1.523e-13 80 80 1.5e+16 1.5e+16 0 1.11401 1.36662e-05
-1.5225e-13 80 80 1.5e+16 1.5e+16 0 1.11428 1.36988e-05
-1.522e-13 80 80 1.5e+16 1.5e+16 0 1.11435 1.37072e-05
-1.5215e-13 80 80 1.5e+16 1.5e+16 0 1.11456 1.37324e-05
-1.521e-13 80 80 1.5e+16 1.5e+16 0 1.11456 1.37318e-05
-1.5205e-13 80 80 1.5e+16 1.5e+16 0 1.11459 1.37354e-05
-1.52e-13 80 80 1.5e+16 1.5e+16 0 1.11462 1.3739e-05
-1.5195e-13 80 80 1.5e+16 1.5e+16 0 1.11492 1.37747e-05
-1.519e-13 80 80 1.5e+16 1.5e+16 0 1.11485 1.37671e-05
-1.5185e-13 80 80 1.5e+16 1.5e+16 0 1.115 1.37842e-05
-1.518e-13 80 80 1.5e+16 1.5e+16 0 1.11504 1.37899e-05
-1.5175e-13 80 80 1.5e+16 1.5e+16 0 1.11515 1.38027e-05
-1.517e-13 80 80 1.5e+16 1.5e+16 0 1.11516 1.38037e-05
-1.5165e-13 80 80 1.5e+16 1.5e+16 0 1.11525 1.38149e-05
-1.516e-13 80 80 1.5e+16 1.5e+16 0 1.11527 1.38165e-05
-1.5155e-13 80 80 1.5e+16 1.5e+16 0 1.11536 1.38272e-05
-1.515e-13 80 80 1.5e+16 1.5e+16 0 1.11543 1.38362e-05
-1.5145e-13 80 80 1.5e+16 1.5e+16 0 1.11561 1.38581e-05
-1.514e-13 80 80 1.5e+16 1.5e+16 0 1.11573 1.38718e-05
-1.5135e-13 80 80 1.5e+16 1.5e+16 0 1.11573 1.38716e-05
-1.513e-13 80 80 1.5e+16 1.5e+16 0 1.11571 1.38701e-05
-1.5125e-13 80 80 1.5e+16 1.5e+16 0 1.11583 1.38842e-05
-1.512e-13 80 80 1.5e+16 1.5e+16 0 1.11594 1.38967e-05
-1.5115e-13 80 80 1.5e+16 1.5e+16 0 1.11612 1.39189e-05
-1.511e-13 80 80 1.5e+16 1.5e+16 0 1.11625 1.39345e-05
-1.5105e-13 80 80 1.5e+16 1.5e+16 0 1.11637 1.39492e-05
-1.51e-13 80 80 1.5e+16 1.5e+16 0 1.11645 1.39589e-05
-1.5095e-13 80 80 1.5e+16 1.5e+16 0 1.11644 1.39573e-05
-1.509e-13 80 80 1.5e+16 1.5e+16 0 1.11645 1.39581e-05
-1.5085e-13 80 80 1.5e+16 1.5e+16 0 1.11645 1.39581e-05
-1.508e-13 80 80 1.5e+16 1.5e+16 0 1.11671 1.39899e-05
-1.5075e-13 80 80 1.5e+16 1.5e+16 0 1.11666 1.39831e-05
-1.507e-13 80 80 1.5e+16 1.5e+16 0 1.11683 1.40041e-05
-1.5065e-13 80 80 1.5e+16 1.5e+16 0 1.11684 1.40052e-05
-1.506e-13 80 80 1.5e+16 1.5e+16 0 1.11688 1.40097e-05
-1.5055e-13 80 80 1.5e+16 1.5e+16 0 1.11687 1.40088e-05
-1.505e-13 80 80 1.5e+16 1.5e+16 0 1.11683 1.40042e-05
-1.5045e-13 80 80 1.5e+16 1.5e+16 0 1.11699 1.40236e-05
-1.504e-13 80 80 1.5e+16 1.5e+16 0 1.11709 1.40354e-05
-1.5035e-13 80 80 1.5e+16 1.5e+16 0 1.11716 1.40432e-05
-1.503e-13 80 80 1.5e+16 1.5e+16 0 1.11718 1.40458e-05
-1.5025e-13 80 80 1.5e+16 1.5e+16 0 1.1172 1.40485e-05
-1.502e-13 80 80 1.5e+16 1.5e+16 0 1.11727 1.40572e-05
-1.5015e-13 80 80 1.5e+16 1.5e+16 0 1.11729 1.40589e-05
-1.501e-13 80 80 1.5e+16 1.5e+16 0 1.11737 1.40684e-05
-1.5005e-13 80 80 1.5e+16 1.5e+16 0 1.11735 1.40663e-05
-1.5e-13 80 80 1.5e+16 1.5e+16 0 1.11728 1.4058e-05
-1.4995e-13 80 80 1.5e+16 1.5e+16 0 1.1173 1.40607e-05
-1.499e-13 80 80 1.5e+16 1.5e+16 0 1.11737 1.40684e-05
-1.4985e-13 80 80 1.5e+16 1.5e+16 0 1.11741 1.40738e-05
-1.498e-13 80 80 1.5e+16 1.5e+16 0 1.11744 1.40773e-05
-1.4975e-13 80 80 1.5e+16 1.5e+16 0 1.11747 1.40806e-05
-1.497e-13 80 80 1.5e+16 1.5e+16 0 1.11756 1.40918e-05
-1.4965e-13 80 80 1.5e+16 1.5e+16 0 1.11771 1.41098e-05
-1.496e-13 80 80 1.5e+16 1.5e+16 0 1.1177 1.41082e-05
-1.4955e-13 80 80 1.5e+16 1.5e+16 0 1.11782 1.41221e-05
-1.495e-13 80 80 1.5e+16 1.5e+16 0 1.1178 1.412e-05
-1.4945e-13 80 80 1.5e+16 1.5e+16 0 1.11777 1.41167e-05
-1.494e-13 80 80 1.5e+16 1.5e+16 0 1.11775 1.41143e-05
-1.4935e-13 80 80 1.5e+16 1.5e+16 0 1.11769 1.41075e-05
-1.493e-13 80 80 1.5e+16 1.5e+16 0 1.1177 1.41084e-05
-1.4925e-13 80 80 1.5e+16 1.5e+16 0 1.11773 1.41117e-05
-1.492e-13 80 80 1.5e+16 1.5e+16 0 1.11771 1.41089e-05
-1.4915e-13 80 80 1.5e+16 1.5e+16 0 1.11782 1.41229e-05
-1.491e-13 80 80 1.5e+16 1.5e+16 0 1.11776 1.4116e-05
-1.4905e-13 80 80 1.5e+16 1.5e+16 0 1.11778 1.41174e-05
-1.49e-13 80 80 1.5e+16 1.5e+16 0 1.11784 1.41252e-05
-1.4895e-13 80 80 1.5e+16 1.5e+16 0 1.11795 1.41387e-05
-1.489e-13 80 80 1.5e+16 1.5e+16 0 1.11801 1.41452e-05
-1.4885e-13 80 80 1.5e+16 1.5e+16 0 1.11802 1.41461e-05
-1.488e-13 80 80 1.5e+16 1.5e+16 0 1.11789 1.41313e-05
-1.4875e-13 80 80 1.5e+16 1.5e+16 0 1.11799 1.41428e-05
-1.487e-13 80 80 1.5e+16 1.5e+16 0 1.11787 1.41286e-05
-1.4865e-13 80 80 1.5e+16 1.5e+16 0 1.11791 1.41338e-05
-1.486e-13 80 80 1.5e+16 1.5e+16 0 1.11794 1.41375e-05
-1.4855e-13 80 80 1.5e+16 1.5e+16 0 1.11808 1.41532e-05
-1.485e-13 80 80 1.5e+16 1.5e+16 0 1.11816 1.41632e-05
-1.4845e-13 80 80 1.5e+16 1.5e+16 0 1.11809 1.41545e-05
-1.484e-13 80 80 1.5e+16 1.5e+16 0 1.11814 1.41614e-05
-1.4835e-13 80 80 1.5e+16 1.5e+16 0 1.11819 1.41671e-05
-1.483e-13 80 80 1.5e+16 1.5e+16 0 1.11809 1.4155e-05
-1.4825e-13 80 80 1.5e+16 1.5e+16 0 1.11818 1.41661e-05
-1.482e-13 80 80 1.5e+16 1.5e+16 0 1.11819 1.41675e-05
-1.4815e-13 80 80 1.5e+16 1.5e+16 0 1.11821 1.41689e-05
-1.481e-13 80 80 1.5e+16 1.5e+16 0 1.11832 1.41828e-05
-1.4805e-13 80 80 1.5e+16 1.5e+16 0 1.11821 1.41693e-05
-1.48e-13 80 80 1.5e+16 1.5e+16 0 1.1183 1.41802e-05
-1.4795e-13 80 80 1.5e+16 1.5e+16 0 1.11829 1.41785e-05
-1.479e-13 80 80 1.5e+16 1.5e+16 0 1.11855 1.421e-05
-1.4785e-13 80 80 1.5e+16 1.5e+16 0 1.11874 1.42331e-05
-1.478e-13 80 80 1.5e+16 1.5e+16 0 1.11868 1.42259e-05
-1.4775e-13 80 80 1.5e+16 1.5e+16 0 1.11872 1.42309e-05
-1.477e-13 80 80 1.5e+16 1.5e+16 0 1.11877 1.4237e-05
-1.4765e-13 80 80 1.5e+16 1.5e+16 0 1.1188 1.42401e-05
-1.476e-13 80 80 1.5e+16 1.5e+16 0 1.11878 1.42375e-05
-1.4755e-13 80 80 1.5e+16 1.5e+16 0 1.11876 1.42349e-05
-1.475e-13 80 80 1.5e+16 1.5e+16 0 1.11894 1.42564e-05
-1.4745e-13 80 80 1.5e+16 1.5e+16 0 1.11893 1.42558e-05
-1.474e-13 80 80 1.5e+16 1.5e+16 0 1.11903 1.42677e-05
-1.4735e-13 80 80 1.5e+16 1.5e+16 0 1.11915 1.42817e-05
-1.473e-13 80 80 1.5e+16 1.5e+16 0 1.11916 1.42832e-05
-1.4725e-13 80 80 1.5e+16 1.5e+16 0 1.1192 1.42875e-05
-1.472e-13 80 80 1.5e+16 1.5e+16 0 1.11929 1.42993e-05
-1.4715e-13 80 80 1.5e+16 1.5e+16 0 1.11947 1.43205e-05
-1.471e-13 80 80 1.5e+16 1.5e+16 0 1.11943 1.43152e-05
-1.4705e-13 80 80 1.5e+16 1.5e+16 0 1.11964 1.4341e-05
-1.47e-13 80 80 1.5e+16 1.5e+16 0 1.11968 1.4346e-05
-1.4695e-13 80 80 1.5e+16 1.5e+16 0 1.11953 1.43274e-05
-1.469e-13 80 80 1.5e+16 1.5e+16 0 1.11962 1.43384e-05
-1.4685e-13 80 80 1.5e+16 1.5e+16 0 1.11957 1.43329e-05
-1.468e-13 80 80 1.5e+16 1.5e+16 0 1.11973 1.43517e-05
-1.4675e-13 80 80 1.5e+16 1.5e+16 0 1.11959 1.43342e-05
-1.467e-13 80 80 1.5e+16 1.5e+16 0 1.11956 1.43315e-05
-1.4665e-13 80 80 1.5e+16 1.5e+16 0 1.11973 1.43517e-05
-1.466e-13 80 80 1.5e+16 1.5e+16 0 1.11956 1.43307e-05
-1.4655e-13 80 80 1.5e+16 1.5e+16 0 1.11954 1.43286e-05
-1.465e-13 80 80 1.5e+16 1.5e+16 0 1.11979 1.4359e-05
-1.4645e-13 80 80 1.5e+16 1.5e+16 0 1.11967 1.43443e-05
-1.464e-13 80 80 1.5e+16 1.5e+16 0 1.11994 1.43766e-05
-1.4635e-13 80 80 1.5e+16 1.5e+16 0 1.11995 1.43784e-05
-1.463e-13 80 80 1.5e+16 1.5e+16 0 1.11988 1.43697e-05
-1.4625e-13 80 80 1.5e+16 1.5e+16 0 1.11986 1.43677e-05
-1.462e-13 80 80 1.5e+16 1.5e+16 0 1.11965 1.43414e-05
-1.4615e-13 80 80 1.5e+16 1.5e+16 0 1.11985 1.43663e-05
-1.461e-13 80 80 1.5e+16 1.5e+16 0 1.11976 1.43548e-05
-1.4605e-13 80 80 1.5e+16 1.5e+16 0 1.11974 1.43531e-05
-1.46e-13 80 80 1.5e+16 1.5e+16 0 1.12001 1.43851e-05
-1.4595e-13 80 80 1.5e+16 1.5e+16 0 1.12006 1.43908e-05
-1.459e-13 80 80 1.5e+16 1.5e+16 0 1.12002 1.43862e-05
-1.4585e-13 80 80 1.5e+16 1.5e+16 0 1.12007 1.43929e-05
-1.458e-13 80 80 1.5e+16 1.5e+16 0 1.1201 1.43956e-05
-1.4575e-13 80 80 1.5e+16 1.5e+16 0 1.12004 1.4389e-05
-1.457e-13 80 80 1.5e+16 1.5e+16 0 1.12006 1.43906e-05
-1.4565e-13 80 80 1.5e+16 1.5e+16 0 1.12008 1.4394e-05
-1.456e-13 80 80 1.5e+16 1.5e+16 0 1.11981 1.43606e-05
-1.4555e-13 80 80 1.5e+16 1.5e+16 0 1.11983 1.4363e-05
-1.455e-13 80 80 1.5e+16 1.5e+16 0 1.11999 1.43826e-05
-1.4545e-13 80 80 1.5e+16 1.5e+16 0 1.1198 1.43602e-05
-1.454e-13 80 80 1.5e+16 1.5e+16 0 1.12005 1.43901e-05
-1.4535e-13 80 80 1.5e+16 1.5e+16 0 1.11988 1.43692e-05
-1.453e-13 80 80 1.5e+16 1.5e+16 0 1.11987 1.43685e-05
-1.4525e-13 80 80 1.5e+16 1.5e+16 0 1.11986 1.43669e-05
-1.452e-13 80 80 1.5e+16 1.5e+16 0 1.11985 1.4366e-05
-1.4515e-13 80 80 1.5e+16 1.5e+16 0 1.11985 1.43656e-05
-1.451e-13 80 80 1.5e+16 1.5e+16 0 1.11988 1.43699e-05
-1.4505e-13 80 80 1.5e+16 1.5e+16 0 1.11976 1.43553e-05
-1.45e-13 80 80 1.5e+16 1.5e+16 0 1.11988 1.437e-05
-1.4495e-13 80 80 1.5e+16 1.5e+16 0 1.11993 1.43758e-05
-1.449e-13 80 80 1.5e+16 1.5e+16 0 1.11996 1.43786e-05
-1.4485e-13 80 80 1.5e+16 1.5e+16 0 1.11986 1.43668e-05
-1.448e-13 80 80 1.5e+16 1.5e+16 0 1.11969 1.43468e-05
-1.4475e-13 80 80 1.5e+16 1.5e+16 0 1.11967 1.43438e-05
-1.447e-13 80 80 1.5e+16 1.5e+16 0 1.11968 1.43459e-05
-1.4465e-13 80 80 1.5e+16 1.5e+16 0 1.11958 1.43342e-05
-1.446e-13 80 80 1.5e+16 1.5e+16 0 1.1198 1.43602e-05
-1.4455e-13 80 80 1.5e+16 1.5e+16 0 1.11964 1.43403e-05
-1.445e-13 80 80 1.5e+16 1.5e+16 0 1.11982 1.4362e-05
-1.4445e-13 80 80 1.5e+16 1.5e+16 0 1.11961 1.43378e-05
-1.444e-13 80 80 1.5e+16 1.5e+16 0 1.11979 1.43591e-05
-1.4435e-13 80 80 1.5e+16 1.5e+16 0 1.11961 1.43369e-05
-1.443e-13 80 80 1.5e+16 1.5e+16 0 1.11942 1.43149e-05
-1.4425e-13 80 80 1.5e+16 1.5e+16 0 1.11944 1.43168e-05
-1.442e-13 80 80 1.5e+16 1.5e+16 0 1.11964 1.43413e-05
-1.4415e-13 80 80 1.5e+16 1.5e+16 0 1.1194 1.43116e-05
-1.441e-13 80 80 1.5e+16 1.5e+16 0 1.11929 1.42989e-05
-1.4405e-13 80 80 1.5e+16 1.5e+16 0 1.11944 1.43167e-05
-1.44e-13 80 80 1.5e+16 1.5e+16 0 1.1192 1.42881e-05
-1.4395e-13 80 80 1.5e+16 1.5e+16 0 1.1194 1.4312e-05
-1.439e-13 80 80 1.5e+16 1.5e+16 0 1.11906 1.42714e-05
-1.4385e-13 80 80 1.5e+16 1.5e+16 0 1.11922 1.42901e-05
-1.438e-13 80 80 1.5e+16 1.5e+16 0 1.11889 1.42503e-05
-1.4375e-13 80 80 1.5e+16 1.5e+16 0 1.11912 1.42784e-05
-1.437e-13 80 80 1.5e+16 1.5e+16 0 1.11915 1.42821e-05
-1.4365e-13 80 80 1.5e+16 1.5e+16 0 1.11901 1.42648e-05
-1.436e-13 80 80 1.5e+16 1.5e+16 0 1.11887 1.4248e-05
-1.4355e-13 80 80 1.5e+16 1.5e+16 0 1.11873 1.4232e-05
-1.435e-13 80 80 1.5e+16 1.5e+16 0 1.11864 1.42214e-05
-1.4345e-13 80 80 1.5e+16 1.5e+16 0 1.11877 1.42362e-05
-1.434e-13 80 80 1.5e+16 1.5e+16 0 1.11853 1.4208e-05
-1.4335e-13 80 80 1.5e+16 1.5e+16 0 1.11836 1.4187e-05
-1.433e-13 80 80 1.5e+16 1.5e+16 0 1.11858 1.42131e-05
-1.4325e-13 80 80 1.5e+16 1.5e+16 0 1.11856 1.42111e-05
-1.432e-13 80 80 1.5e+16 1.5e+16 0 1.11861 1.42172e-05
-1.4315e-13 80 80 1.5e+16 1.5e+16 0 1.11825 1.41738e-05
-1.431e-13 80 80 1.5e+16 1.5e+16 0 1.11807 1.4153e-05
-1.4305e-13 80 80 1.5e+16 1.5e+16 0 1.11798 1.41421e-05
-1.43e-13 80 80 1.5e+16 1.5e+16 0 1.11817 1.41645e-05
-1.4295e-13 80 80 1.5e+16 1.5e+16 0 1.11798 1.41418e-05
-1.429e-13 80 80 1.5e+16 1.5e+16 0 1.11812 1.41585e-05
-1.4285e-13 80 80 1.5e+16 1.5e+16 0 1.11782 1.41231e-05
-1.428e-13 80 80 1.5e+16 1.5e+16 0 1.11811 1.41571e-05
-1.4275e-13 80 80 1.5e+16 1.5e+16 0 1.11787 1.41291e-05
-1.427e-13 80 80 1.5e+16 1.5e+16 0 1.11809 1.4155e-05
-1.4265e-13 80 80 1.5e+16 1.5e+16 0 1.11803 1.4148e-05
-1.426e-13 80 80 1.5e+16 1.5e+16 0 1.11799 1.41425e-05
-1.4255e-13 80 80 1.5e+16 1.5e+16 0 1.11791 1.41332e-05
-1.425e-13 80 80 1.5e+16 1.5e+16 0 1.11766 1.4104e-05
-1.4245e-13 80 80 1.5e+16 1.5e+16 0 1.11747 1.40811e-05
-1.424e-13 80 80 1.5e+16 1.5e+16 0 1.11726 1.40561e-05
-1.4235e-13 80 80 1.5e+16 1.5e+16 0 1.11718 1.40454e-05
-1.423e-13 80 80 1.5e+16 1.5e+16 0 1.11749 1.40832e-05
-1.4225e-13 80 80 1.5e+16 1.5e+16 0 1.11747 1.4081e-05
-1.422e-13 80 80 1.5e+16 1.5e+16 0 1.11744 1.40773e-05
-1.4215e-13 80 80 1.5e+16 1.5e+16 0 1.1174 1.40719e-05
-1.421e-13 80 80 1.5e+16 1.5e+16 0 1.11732 1.40631e-05
-1.4205e-13 80 80 1.5e+16 1.5e+16 0 1.11692 1.40147e-05
-1.42e-13 80 80 1.5e+16 1.5e+16 0 1.11712 1.40393e-05
-1.4195e-13 80 80 1.5e+16 1.5e+16 0 1.11686 1.40078e-05
-1.419e-13 80 80 1.5e+16 1.5e+16 0 1.11672 1.39907e-05
-1.4185e-13 80 80 1.5e+16 1.5e+16 0 1.11691 1.40138e-05
-1.418e-13 80 80 1.5e+16 1.5e+16 0 1.1166 1.39767e-05
-1.4175e-13 80 80 1.5e+16 1.5e+16 0 1.11648 1.39623e-05
-1.417e-13 80 80 1.5e+16 1.5e+16 0 1.11681 1.4002e-05
-1.4165e-13 80 80 1.5e+16 1.5e+16 0 1.11657 1.39733e-05
-1.416e-13 80 80 1.5e+16 1.5e+16 0 1.11661 1.39772e-05
-1.4155e-13 80 80 1.5e+16 1.5e+16 0 1.11612 1.39188e-05
-1.415e-13 80 80 1.5e+16 1.5e+16 0 1.11637 1.39492e-05
-1.4145e-13 80 80 1.5e+16 1.5e+16 0 1.11599 1.39035e-05
-1.414e-13 80 80 1.5e+16 1.5e+16 0 1.11631 1.39415e-05
-1.4135e-13 80 80 1.5e+16 1.5e+16 0 1.11625 1.39339e-05
-1.413e-13 80 80 1.5e+16 1.5e+16 0 1.11585 1.38863e-05
-1.4125e-13 80 80 1.5e+16 1.5e+16 0 1.11612 1.39191e-05
-1.412e-13 80 80 1.5e+16 1.5e+16 0 1.11609 1.3915e-05
-1.4115e-13 80 80 1.5e+16 1.5e+16 0 1.11603 1.3908e-05
-1.411e-13 80 80 1.5e+16 1.5e+16 0 1.11549 1.38437e-05
-1.4105e-13 80 80 1.5e+16 1.5e+16 0 1.11577 1.38769e-05
-1.41e-13 80 80 1.5e+16 1.5e+16 0 1.11544 1.38377e-05
-1.4095e-13 80 80 1.5e+16 1.5e+16 0 1.11528 1.38177e-05
-1.409e-13 80 80 1.5e+16 1.5e+16 0 1.11517 1.38047e-05
-1.4085e-13 80 80 1.5e+16 1.5e+16 0 1.11553 1.38481e-05
-1.408e-13 80 80 1.5e+16 1.5e+16 0 1.11507 1.37932e-05
-1.4075e-13 80 80 1.5e+16 1.5e+16 0 1.11531 1.38219e-05
-1.407e-13 80 80 1.5e+16 1.5e+16 0 1.11501 1.37859e-05
-1.4065e-13 80 80 1.5e+16 1.5e+16 0 1.11516 1.38032e-05
-1.406e-13 80 80 1.5e+16 1.5e+16 0 1.11486 1.37683e-05
-1.4055e-13 80 80 1.5e+16 1.5e+16 0 1.11464 1.37418e-05
-1.405e-13 80 80 1.5e+16 1.5e+16 0 1.11444 1.37177e-05
-1.4045e-13 80 80 1.5e+16 1.5e+16 0 1.11442 1.37146e-05
-1.404e-13 80 80 1.5e+16 1.5e+16 0 1.11462 1.37394e-05
-1.4035e-13 80 80 1.5e+16 1.5e+16 0 1.11434 1.37056e-05
-1.403e-13 80 80 1.5e+16 1.5e+16 0 1.11408 1.36744e-05
-1.4025e-13 80 80 1.5e+16 1.5e+16 0 1.11406 1.36715e-05
-1.402e-13 80 80 1.5e+16 1.5e+16 0 1.11375 1.36353e-05
-1.4015e-13 80 80 1.5e+16 1.5e+16 0 1.1141 1.36767e-05
-1.401e-13 80 80 1.5e+16 1.5e+16 0 1.1138 1.36405e-05
-1.4005e-13 80 80 1.5e+16 1.5e+16 0 1.11403 1.36685e-05
-1.4e-13 80 80 1.5e+16 1.5e+16 0 1.11362 1.36189e-05
-1.3995e-13 80 80 1.5e+16 1.5e+16 0 1.11398 1.36624e-05
-1.399e-13 80 80 1.5e+16 1.5e+16 0 1.114 1.36651e-05
-1.3985e-13 80 80 1.5e+16 1.5e+16 0 1.11347 1.36013e-05
-1.398e-13 80 80 1.5e+16 1.5e+16 0 1.11372 1.36313e-05
-1.3975e-13 80 80 1.5e+16 1.5e+16 0 1.1131 1.3557e-05
-1.397e-13 80 80 1.5e+16 1.5e+16 0 1.11305 1.35511e-05
-1.3965e-13 80 80 1.5e+16 1.5e+16 0 1.11344 1.3598e-05
-1.396e-13 80 80 1.5e+16 1.5e+16 0 1.11343 1.35967e-05
-1.3955e-13 80 80 1.5e+16 1.5e+16 0 1.1129 1.35334e-05
-1.395e-13 80 80 1.5e+16 1.5e+16 0 1.11265 1.35027e-05
-1.3945e-13 80 80 1.5e+16 1.5e+16 0 1.11306 1.35518e-05
-1.394e-13 80 80 1.5e+16 1.5e+16 0 1.11309 1.35559e-05
-1.3935e-13 80 80 1.5e+16 1.5e+16 0 1.1125 1.34848e-05
-1.393e-13 80 80 1.5e+16 1.5e+16 0 1.11219 1.34477e-05
-1.3925e-13 80 80 1.5e+16 1.5e+16 0 1.1121 1.34372e-05
-1.392e-13 80 80 1.5e+16 1.5e+16 0 1.1126 1.34975e-05
-1.3915e-13 80 80 1.5e+16 1.5e+16 0 1.1126 1.34972e-05
-1.391e-13 80 80 1.5e+16 1.5e+16 0 1.11199 1.34244e-05
-1.3905e-13 80 80 1.5e+16 1.5e+16 0 1.11175 1.33946e-05
-1.39e-13 80 80 1.5e+16 1.5e+16 0 1.11231 1.34623e-05
-1.3895e-13 80 80 1.5e+16 1.5e+16 0 1.11169 1.3388e-05
-1.389e-13 80 80 1.5e+16 1.5e+16 0 1.11216 1.3444e-05
-1.3885e-13 80 80 1.5e+16 1.5e+16 0 1.11224 1.34535e-05
-1.388e-13 80 80 1.5e+16 1.5e+16 0 1.11143 1.33568e-05
-1.3875e-13 80 80 1.5e+16 1.5e+16 0 1.11122 1.33312e-05
-1.387e-13 80 80 1.5e+16 1.5e+16 0 1.11107 1.3314e-05
-1.3865e-13 80 80 1.5e+16 1.5e+16 0 1.11085 1.32875e-05
-1.386e-13 80 80 1.5e+16 1.5e+16 0 1.11159 1.33759e-05
-1.3855e-13 80 80 1.5e+16 1.5e+16 0 1.11164 1.33814e-05
-1.385e-13 80 80 1.5e+16 1.5e+16 0 1.11092 1.32952e-05
-1.3845e-13 80 80 1.5e+16 1.5e+16 0 1.11142 1.33551e-05
-1.384e-13 80 80 1.5e+16 1.5e+16 0 1.11144 1.3358e-05
-1.3835e-13 80 80 1.5e+16 1.5e+16 0 1.11073 1.32724e-05
-1.383e-13 80 80 1.5e+16 1.5e+16 0 1.11116 1.33244e-05
-1.3825e-13 80 80 1.5e+16 1.5e+16 0 1.11026 1.32161e-05
-1.382e-13 80 80 1.5e+16 1.5e+16 0 1.1109 1.32926e-05
-1.3815e-13 80 80 1.5e+16 1.5e+16 0 1.11002 1.31879e-05
-1.381e-13 80 80 1.5e+16 1.5e+16 0 1.10988 1.31705e-05
-1.3805e-13 80 80 1.5e+16 1.5e+16 0 1.1105 1.32448e-05
-1.38e-13 80 80 1.5e+16 1.5e+16 0 1.11059 1.32555e-05
-1.3795e-13 80 80 1.5e+16 1.5e+16 0 1.10989 1.31715e-05
-1.379e-13 80 80 1.5e+16 1.5e+16 0 1.11047 1.32415e-05
-1.3785e-13 80 80 1.5e+16 1.5e+16 0 1.1096 1.31376e-05
-1.378e-13 80 80 1.5e+16 1.5e+16 0 1.10949 1.3124e-05
-1.3775e-13 80 80 1.5e+16 1.5e+16 0 1.10917 1.30856e-05
-1.377e-13 80 80 1.5e+16 1.5e+16 0 1.10995 1.31797e-05
-1.3765e-13 80 80 1.5e+16 1.5e+16 0 1.10932 1.31034e-05
-1.376e-13 80 80 1.5e+16 1.5e+16 0 1.10913 1.30806e-05
-1.3755e-13 80 80 1.5e+16 1.5e+16 0 1.10969 1.31478e-05
-1.375e-13 80 80 1.5e+16 1.5e+16 0 1.109 1.30649e-05
-1.3745e-13 80 80 1.5e+16 1.5e+16 0 1.10862 1.30199e-05
-1.374e-13 80 80 1.5e+16 1.5e+16 0 1.10863 1.30213e-05
-1.3735e-13 80 80 1.5e+16 1.5e+16 0 1.10934 1.31062e-05
-1.373e-13 80 80 1.5e+16 1.5e+16 0 1.10937 1.31102e-05
-1.3725e-13 80 80 1.5e+16 1.5e+16 0 1.10864 1.30222e-05
-1.372e-13 80 80 1.5e+16 1.5e+16 0 1.1091 1.30775e-05
-1.3715e-13 80 80 1.5e+16 1.5e+16 0 1.10836 1.29888e-05
-1.371e-13 80 80 1.5e+16 1.5e+16 0 1.10791 1.29345e-05
-1.3705e-13 80 80 1.5e+16 1.5e+16 0 1.10865 1.3024e-05
-1.37e-13 80 80 1.5e+16 1.5e+16 0 1.10797 1.29415e-05
-1.3695e-13 80 80 1.5e+16 1.5e+16 0 1.10849 1.30047e-05
-1.369e-13 80 80 1.5e+16 1.5e+16 0 1.10854 1.30108e-05
-1.3685e-13 80 80 1.5e+16 1.5e+16 0 1.1085 1.30056e-05
-1.368e-13 80 80 1.5e+16 1.5e+16 0 1.10767 1.29057e-05
-1.3675e-13 80 80 1.5e+16 1.5e+16 0 1.10744 1.28786e-05
-1.367e-13 80 80 1.5e+16 1.5e+16 0 1.10717 1.28462e-05
-1.3665e-13 80 80 1.5e+16 1.5e+16 0 1.10706 1.28329e-05
-1.366e-13 80 80 1.5e+16 1.5e+16 0 1.10785 1.2928e-05
-1.3655e-13 80 80 1.5e+16 1.5e+16 0 1.10791 1.29343e-05
-1.365e-13 80 80 1.5e+16 1.5e+16 0 1.10788 1.29312e-05
-1.3645e-13 80 80 1.5e+16 1.5e+16 0 1.10709 1.28367e-05
-1.364e-13 80 80 1.5e+16 1.5e+16 0 1.10691 1.28147e-05
-1.3635e-13 80 80 1.5e+16 1.5e+16 0 1.10662 1.278e-05
-1.363e-13 80 80 1.5e+16 1.5e+16 0 1.10738 1.28717e-05
-1.3625e-13 80 80 1.5e+16 1.5e+16 0 1.10665 1.27842e-05
-1.362e-13 80 80 1.5e+16 1.5e+16 0 1.10731 1.28627e-05
-1.3615e-13 80 80 1.5e+16 1.5e+16 0 1.10644 1.27581e-05
-1.361e-13 80 80 1.5e+16 1.5e+16 0 1.10705 1.28313e-05
-1.3605e-13 80 80 1.5e+16 1.5e+16 0 1.10613 1.27214e-05
-1.36e-13 80 80 1.5e+16 1.5e+16 0 1.10593 1.26978e-05
-1.3595e-13 80 80 1.5e+16 1.5e+16 0 1.10576 1.26772e-05
-1.359e-13 80 80 1.5e+16 1.5e+16 0 1.10548 1.26434e-05
-1.3585e-13 80 80 1.5e+16 1.5e+16 0 1.10625 1.27363e-05
-1.358e-13 80 80 1.5e+16 1.5e+16 0 1.10637 1.27497e-05
-1.3575e-13 80 80 1.5e+16 1.5e+16 0 1.10543 1.26378e-05
-1.357e-13 80 80 1.5e+16 1.5e+16 0 1.10539 1.26329e-05
-1.3565e-13 80 80 1.5e+16 1.5e+16 0 1.10515 1.26042e-05
-1.356e-13 80 80 1.5e+16 1.5e+16 0 1.1052 1.26103e-05
-1.3555e-13 80 80 1.5e+16 1.5e+16 0 1.10511 1.25995e-05
-1.355e-13 80 80 1.5e+16 1.5e+16 0 1.10582 1.26845e-05
-1.3545e-13 80 80 1.5e+16 1.5e+16 0 1.10587 1.26898e-05
-1.354e-13 80 80 1.5e+16 1.5e+16 0 1.10504 1.25903e-05
-1.3535e-13 80 80 1.5e+16 1.5e+16 0 1.10485 1.25678e-05
-1.353e-13 80 80 1.5e+16 1.5e+16 0 1.10549 1.2645e-05
-1.3525e-13 80 80 1.5e+16 1.5e+16 0 1.10557 1.26541e-05
-1.352e-13 80 80 1.5e+16 1.5e+16 0 1.10459 1.25363e-05
-1.3515e-13 80 80 1.5e+16 1.5e+16 0 1.10429 1.25011e-05
-1.351e-13 80 80 1.5e+16 1.5e+16 0 1.10507 1.25941e-05
-1.3505e-13 80 80 1.5e+16 1.5e+16 0 1.10434 1.25064e-05
-1.35e-13 80 80 1.5e+16 1.5e+16 0 1.10398 1.24632e-05
-1.3495e-13 80 80 1.5e+16 1.5e+16 0 1.10482 1.25643e-05
-1.349e-13 80 80 1.5e+16 1.5e+16 0 1.10493 1.25779e-05
-1.3485e-13 80 80 1.5e+16 1.5e+16 0 1.10418 1.24882e-05
-1.348e-13 80 80 1.5e+16 1.5e+16 0 1.10377 1.2438e-05
-1.3475e-13 80 80 1.5e+16 1.5e+16 0 1.10449 1.2525e-05
-1.347e-13 80 80 1.5e+16 1.5e+16 0 1.10379 1.24412e-05
-1.3465e-13 80 80 1.5e+16 1.5e+16 0 1.10354 1.24115e-05
-1.346e-13 80 80 1.5e+16 1.5e+16 0 1.10419 1.24894e-05
-1.3455e-13 80 80 1.5e+16 1.5e+16 0 1.10335 1.23884e-05
-1.345e-13 80 80 1.5e+16 1.5e+16 0 1.10325 1.23757e-05
-1.3445e-13 80 80 1.5e+16 1.5e+16 0 1.10303 1.23499e-05
-1.344e-13 80 80 1.5e+16 1.5e+16 0 1.10389 1.24525e-05
-1.3435e-13 80 80 1.5e+16 1.5e+16 0 1.10317 1.23667e-05
-1.343e-13 80 80 1.5e+16 1.5e+16 0 1.10281 1.2324e-05
-1.3425e-13 80 80 1.5e+16 1.5e+16 0 1.10356 1.24132e-05
-1.342e-13 80 80 1.5e+16 1.5e+16 0 1.10288 1.23317e-05
-1.3415e-13 80 80 1.5e+16 1.5e+16 0 1.10354 1.24103e-05
-1.341e-13 80 80 1.5e+16 1.5e+16 0 1.10272 1.23124e-05
-1.3405e-13 80 80 1.5e+16 1.5e+16 0 1.10238 1.22722e-05
-1.34e-13 80 80 1.5e+16 1.5e+16 0 1.10221 1.22519e-05
-1.3395e-13 80 80 1.5e+16 1.5e+16 0 1.10304 1.23514e-05
-1.339e-13 80 80 1.5e+16 1.5e+16 0 1.10315 1.2364e-05
-1.3385e-13 80 80 1.5e+16 1.5e+16 0 1.10235 1.22683e-05
-1.338e-13 80 80 1.5e+16 1.5e+16 0 1.10213 1.22422e-05
-1.3375e-13 80 80 1.5e+16 1.5e+16 0 1.10201 1.22278e-05
-1.337e-13 80 80 1.5e+16 1.5e+16 0 1.10178 1.21997e-05
-1.3365e-13 80 80 1.5e+16 1.5e+16 0 1.1026 1.22979e-05
-1.336e-13 80 80 1.5e+16 1.5e+16 0 1.10271 1.2311e-05
-1.3355e-13 80 80 1.5e+16 1.5e+16 0 1.10174 1.21952e-05
-1.335e-13 80 80 1.5e+16 1.5e+16 0 1.10241 1.22749e-05
-1.3345e-13 80 80 1.5e+16 1.5e+16 0 1.10168 1.21881e-05
-1.334e-13 80 80 1.5e+16 1.5e+16 0 1.1022 1.22501e-05
-1.3335e-13 80 80 1.5e+16 1.5e+16 0 1.1013 1.21424e-05
-1.333e-13 80 80 1.5e+16 1.5e+16 0 1.10201 1.2228e-05
-1.3325e-13 80 80 1.5e+16 1.5e+16 0 1.10125 1.21361e-05
-1.332e-13 80 80 1.5e+16 1.5e+16 0 1.10085 1.20886e-05
-1.3315e-13 80 80 1.5e+16 1.5e+16 0 1.10158 1.21755e-05
-1.331e-13 80 80 1.5e+16 1.5e+16 0 1.10087 1.2091e-05
-1.3305e-13 80 80 1.5e+16 1.5e+16 0 1.10051 1.20482e-05
-1.33e-13 80 80 1.5e+16 1.5e+16 0 1.10138 1.21518e-05
-1.3295e-13 80 80 1.5e+16 1.5e+16 0 1.10151 1.21681e-05
-1.329e-13 80 80 1.5e+16 1.5e+16 0 1.10151 1.21673e-05
-1.3285e-13 80 80 1.5e+16 1.5e+16 0 1.1007 1.20705e-05
-1.328e-13 80 80 1.5e+16 1.5e+16 0 1.10121 1.21319e-05
-1.3275e-13 80 80 1.5e+16 1.5e+16 0 1.10121 1.21315e-05
-1.327e-13 80 80 1.5e+16 1.5e+16 0 1.10032 1.20255e-05
-1.3265e-13 80 80 1.5e+16 1.5e+16 0 1.10094 1.20989e-05
-1.326e-13 80 80 1.5e+16 1.5e+16 0 1.10023 1.20138e-05
-1.3255e-13 80 80 1.5e+16 1.5e+16 0 1.1008 1.20828e-05
-1.325e-13 80 80 1.5e+16 1.5e+16 0 1.09986 1.19697e-05
-1.3245e-13 80 80 1.5e+16 1.5e+16 0 1.09973 1.19538e-05
-1.324e-13 80 80 1.5e+16 1.5e+16 0 1.09949 1.19253e-05
-1.3235e-13 80 80 1.5e+16 1.5e+16 0 1.09951 1.19276e-05
-1.323e-13 80 80 1.5e+16 1.5e+16 0 1.10029 1.20216e-05
-1.3225e-13 80 80 1.5e+16 1.5e+16 0 1.0994 1.19149e-05
-1.322e-13 80 80 1.5e+16 1.5e+16 0 1.09912 1.18811e-05
-1.3215e-13 80 80 1.5e+16 1.5e+16 0 1.09996 1.1982e-05
-1.321e-13 80 80 1.5e+16 1.5e+16 0 1.10011 1.2e-05
-1.3205e-13 80 80 1.5e+16 1.5e+16 0 1.09917 1.18873e-05
-1.32e-13 80 80 1.5e+16 1.5e+16 0 1.09892 1.18577e-05
-1.3195e-13 80 80 1.5e+16 1.5e+16 0 1.09883 1.18458e-05
-1.319e-13 80 80 1.5e+16 1.5e+16 0 1.09879 1.18415e-05
-1.3185e-13 80 80 1.5e+16 1.5e+16 0 1.09953 1.19299e-05
-1.318e-13 80 80 1.5e+16 1.5e+16 0 1.09868 1.18282e-05
-1.3175e-13 80 80 1.5e+16 1.5e+16 0 1.09935 1.19084e-05
-1.317e-13 80 80 1.5e+16 1.5e+16 0 1.09944 1.19193e-05
-1.3165e-13 80 80 1.5e+16 1.5e+16 0 1.09851 1.18083e-05
-1.316e-13 80 80 1.5e+16 1.5e+16 0 1.0992 1.18903e-05
-1.3155e-13 80 80 1.5e+16 1.5e+16 0 1.09934 1.19077e-05
-1.315e-13 80 80 1.5e+16 1.5e+16 0 1.09936 1.19101e-05
-1.3145e-13 80 80 1.5e+16 1.5e+16 0 1.09934 1.19072e-05
-1.314e-13 80 80 1.5e+16 1.5e+16 0 1.09929 1.19015e-05
-1.3135e-13 80 80 1.5e+16 1.5e+16 0 1.09841 1.1796e-05
-1.313e-13 80 80 1.5e+16 1.5e+16 0 1.09788 1.17329e-05
-1.3125e-13 80 80 1.5e+16 1.5e+16 0 1.09761 1.17002e-05
-1.312e-13 80 80 1.5e+16 1.5e+16 0 1.09748 1.16842e-05
-1.3115e-13 80 80 1.5e+16 1.5e+16 0 1.09832 1.1785e-05
-1.311e-13 80 80 1.5e+16 1.5e+16 0 1.09766 1.17059e-05
-1.3105e-13 80 80 1.5e+16 1.5e+16 0 1.09833 1.17869e-05
-1.31e-13 80 80 1.5e+16 1.5e+16 0 1.09766 1.1706e-05
-1.3095e-13 80 80 1.5e+16 1.5e+16 0 1.09741 1.16764e-05
-1.309e-13 80 80 1.5e+16 1.5e+16 0 1.09713 1.16429e-05
-1.3085e-13 80 80 1.5e+16 1.5e+16 0 1.09714 1.16438e-05
-1.308e-13 80 80 1.5e+16 1.5e+16 0 1.09696 1.16217e-05
-1.3075e-13 80 80 1.5e+16 1.5e+16 0 1.09794 1.17399e-05
-1.307e-13 80 80 1.5e+16 1.5e+16 0 1.09729 1.16621e-05
-1.3065e-13 80 80 1.5e+16 1.5e+16 0 1.09709 1.16379e-05
-1.306e-13 80 80 1.5e+16 1.5e+16 0 1.09785 1.17293e-05
-1.3055e-13 80 80 1.5e+16 1.5e+16 0 1.09711 1.16404e-05
-1.305e-13 80 80 1.5e+16 1.5e+16 0 1.09666 1.15865e-05
-1.3045e-13 80 80 1.5e+16 1.5e+16 0 1.09752 1.16895e-05
-1.304e-13 80 80 1.5e+16 1.5e+16 0 1.09669 1.159e-05
-1.3035e-13 80 80 1.5e+16 1.5e+16 0 1.09648 1.15648e-05
-1.303e-13 80 80 1.5e+16 1.5e+16 0 1.09741 1.16761e-05
-1.3025e-13 80 80 1.5e+16 1.5e+16 0 1.09763 1.17023e-05
-1.302e-13 80 80 1.5e+16 1.5e+16 0 1.09683 1.16062e-05
-1.3015e-13 80 80 1.5e+16 1.5e+16 0 1.09653 1.15713e-05
-1.301e-13 80 80 1.5e+16 1.5e+16 0 1.09725 1.16565e-05
-1.3005e-13 80 80 1.5e+16 1.5e+16 0 1.09651 1.15683e-05
-1.3e-13 80 80 1.5e+16 1.5e+16 0 1.0971 1.16386e-05
-1.2995e-13 80 80 1.5e+16 1.5e+16 0 1.09638 1.15525e-05
-1.299e-13 80 80 1.5e+16 1.5e+16 0 1.09703 1.163e-05
-1.2985e-13 80 80 1.5e+16 1.5e+16 0 1.09631 1.15442e-05
-1.298e-13 80 80 1.5e+16 1.5e+16 0 1.09587 1.14916e-05
-1.2975e-13 80 80 1.5e+16 1.5e+16 0 1.0967 1.15907e-05
-1.297e-13 80 80 1.5e+16 1.5e+16 0 1.09686 1.16101e-05
-1.2965e-13 80 80 1.5e+16 1.5e+16 0 1.09607 1.15151e-05
-1.296e-13 80 80 1.5e+16 1.5e+16 0 1.0966 1.15796e-05
-1.2955e-13 80 80 1.5e+16 1.5e+16 0 1.09671 1.15924e-05
-1.295e-13 80 80 1.5e+16 1.5e+16 0 1.09587 1.14916e-05
-1.2945e-13 80 80 1.5e+16 1.5e+16 0 1.09554 1.1452e-05
-1.294e-13 80 80 1.5e+16 1.5e+16 0 1.09523 1.14146e-05
-1.2935e-13 80 80 1.5e+16 1.5e+16 0 1.09523 1.14147e-05
-1.293e-13 80 80 1.5e+16 1.5e+16 0 1.09609 1.15181e-05
-1.2925e-13 80 80 1.5e+16 1.5e+16 0 1.09528 1.14209e-05
-1.292e-13 80 80 1.5e+16 1.5e+16 0 1.09501 1.13888e-05
-1.2915e-13 80 80 1.5e+16 1.5e+16 0 1.09493 1.13785e-05
-1.291e-13 80 80 1.5e+16 1.5e+16 0 1.09497 1.13842e-05
-1.2905e-13 80 80 1.5e+16 1.5e+16 0 1.09577 1.14797e-05
-1.29e-13 80 80 1.5e+16 1.5e+16 0 1.09505 1.13936e-05
-1.2895e-13 80 80 1.5e+16 1.5e+16 0 1.09463 1.1343e-05
-1.289e-13 80 80 1.5e+16 1.5e+16 0 1.09552 1.14502e-05
-1.2885e-13 80 80 1.5e+16 1.5e+16 0 1.0957 1.14717e-05
-1.288e-13 80 80 1.5e+16 1.5e+16 0 1.09576 1.14779e-05
-1.2875e-13 80 80 1.5e+16 1.5e+16 0 1.09494 1.13795e-05
-1.287e-13 80 80 1.5e+16 1.5e+16 0 1.09449 1.13259e-05
-1.2865e-13 80 80 1.5e+16 1.5e+16 0 1.0953 1.14227e-05
-1.286e-13 80 80 1.5e+16 1.5e+16 0 1.09463 1.13428e-05
-1.2855e-13 80 80 1.5e+16 1.5e+16 0 1.09444 1.13201e-05
-1.285e-13 80 80 1.5e+16 1.5e+16 0 1.09521 1.14128e-05
-1.2845e-13 80 80 1.5e+16 1.5e+16 0 1.09444 1.13207e-05
-1.284e-13 80 80 1.5e+16 1.5e+16 0 1.09503 1.13904e-05
-1.2835e-13 80 80 1.5e+16 1.5e+16 0 1.09428 1.13008e-05
-1.283e-13 80 80 1.5e+16 1.5e+16 0 1.09488 1.13727e-05
-1.2825e-13 80 80 1.5e+16 1.5e+16 0 1.09408 1.12774e-05
-1.282e-13 80 80 1.5e+16 1.5e+16 0 1.09361 1.12208e-05
-1.2815e-13 80 80 1.5e+16 1.5e+16 0 1.0945 1.13272e-05
-1.281e-13 80 80 1.5e+16 1.5e+16 0 1.0938 1.12438e-05
-1.2805e-13 80 80 1.5e+16 1.5e+16 0 1.09344 1.12006e-05
-1.28e-13 80 80 1.5e+16 1.5e+16 0 1.09439 1.13138e-05
-1.2795e-13 80 80 1.5e+16 1.5e+16 0 1.09378 1.12416e-05
-1.279e-13 80 80 1.5e+16 1.5e+16 0 1.09355 1.12138e-05
-1.2785e-13 80 80 1.5e+16 1.5e+16 0 1.09328 1.11809e-05
-1.278e-13 80 80 1.5e+16 1.5e+16 0 1.09325 1.11769e-05
-1.2775e-13 80 80 1.5e+16 1.5e+16 0 1.09409 1.12787e-05
-1.277e-13 80 80 1.5e+16 1.5e+16 0 1.09433 1.13073e-05
-1.2765e-13 80 80 1.5e+16 1.5e+16 0 1.0935 1.1208e-05
-1.276e-13 80 80 1.5e+16 1.5e+16 0 1.0932 1.11717e-05
-1.2755e-13 80 80 1.5e+16 1.5e+16 0 1.09285 1.11299e-05
-1.275e-13 80 80 1.5e+16 1.5e+16 0 1.09279 1.11218e-05
-1.2745e-13 80 80 1.5e+16 1.5e+16 0 1.09252 1.10903e-05
-1.274e-13 80 80 1.5e+16 1.5e+16 0 1.09252 1.10903e-05
-1.2735e-13 80 80 1.5e+16 1.5e+16 0 1.09339 1.11947e-05
-1.273e-13 80 80 1.5e+16 1.5e+16 0 1.09256 1.10945e-05
-1.2725e-13 80 80 1.5e+16 1.5e+16 0 1.09331 1.11841e-05
-1.272e-13 80 80 1.5e+16 1.5e+16 0 1.09347 1.12037e-05
-1.2715e-13 80 80 1.5e+16 1.5e+16 0 1.09245 1.10819e-05
-1.271e-13 80 80 1.5e+16 1.5e+16 0 1.09226 1.10588e-05
-1.2705e-13 80 80 1.5e+16 1.5e+16 0 1.09303 1.11517e-05
-1.27e-13 80 80 1.5e+16 1.5e+16 0 1.0932 1.11716e-05
-1.2695e-13 80 80 1.5e+16 1.5e+16 0 1.09235 1.10696e-05
-1.269e-13 80 80 1.5e+16 1.5e+16 0 1.09179 1.10029e-05
-1.2685e-13 80 80 1.5e+16 1.5e+16 0 1.09164 1.09847e-05
-1.268e-13 80 80 1.5e+16 1.5e+16 0 1.09249 1.10859e-05
-1.2675e-13 80 80 1.5e+16 1.5e+16 0 1.09178 1.10009e-05
-1.267e-13 80 80 1.5e+16 1.5e+16 0 1.09135 1.09503e-05
-1.2665e-13 80 80 1.5e+16 1.5e+16 0 1.09127 1.09402e-05
-1.266e-13 80 80 1.5e+16 1.5e+16 0 1.091 1.0908e-05
-1.2655e-13 80 80 1.5e+16 1.5e+16 0 1.09193 1.10198e-05
-1.265e-13 80 80 1.5e+16 1.5e+16 0 1.0911 1.09199e-05
-1.2645e-13 80 80 1.5e+16 1.5e+16 0 1.09095 1.09017e-05
-1.264e-13 80 80 1.5e+16 1.5e+16 0 1.09181 1.10048e-05
-1.2635e-13 80 80 1.5e+16 1.5e+16 0 1.09088 1.08937e-05
-1.263e-13 80 80 1.5e+16 1.5e+16 0 1.09154 1.09722e-05
-1.2625e-13 80 80 1.5e+16 1.5e+16 0 1.09055 1.08539e-05
-1.262e-13 80 80 1.5e+16 1.5e+16 0 1.09025 1.08175e-05
-1.2615e-13 80 80 1.5e+16 1.5e+16 0 1.09018 1.081e-05
-1.261e-13 80 80 1.5e+16 1.5e+16 0 1.09108 1.09176e-05
-1.2605e-13 80 80 1.5e+16 1.5e+16 0 1.09036 1.08309e-05
-1.26e-13 80 80 1.5e+16 1.5e+16 0 1.09101 1.09093e-05
-1.2595e-13 80 80 1.5e+16 1.5e+16 0 1.09016 1.08067e-05
-1.259e-13 80 80 1.5e+16 1.5e+16 0 1.08969 1.07504e-05
-1.2585e-13 80 80 1.5e+16 1.5e+16 0 1.08964 1.07452e-05
-1.258e-13 80 80 1.5e+16 1.5e+16 0 1.08958 1.07381e-05
-1.2575e-13 80 80 1.5e+16 1.5e+16 0 1.09054 1.08527e-05
-1.257e-13 80 80 1.5e+16 1.5e+16 0 1.09077 1.08801e-05
-1.2565e-13 80 80 1.5e+16 1.5e+16 0 1.08979 1.07632e-05
-1.256e-13 80 80 1.5e+16 1.5e+16 0 1.08962 1.07423e-05
-1.2555e-13 80 80 1.5e+16 1.5e+16 0 1.08945 1.07224e-05
-1.255e-13 80 80 1.5e+16 1.5e+16 0 1.09024 1.08169e-05
-1.2545e-13 80 80 1.5e+16 1.5e+16 0 1.09043 1.08401e-05
-1.254e-13 80 80 1.5e+16 1.5e+16 0 1.08942 1.07178e-05
-1.2535e-13 80 80 1.5e+16 1.5e+16 0 1.08909 1.06792e-05
-1.253e-13 80 80 1.5e+16 1.5e+16 0 1.08993 1.07798e-05
-1.2525e-13 80 80 1.5e+16 1.5e+16 0 1.0891 1.06805e-05
-1.252e-13 80 80 1.5e+16 1.5e+16 0 1.08866 1.06269e-05
-1.2515e-13 80 80 1.5e+16 1.5e+16 0 1.08859 1.06186e-05
-1.251e-13 80 80 1.5e+16 1.5e+16 0 1.08852 1.06106e-05
-1.2505e-13 80 80 1.5e+16 1.5e+16 0 1.08938 1.07134e-05
-1.25e-13 80 80 1.5e+16 1.5e+16 0 1.08867 1.06285e-05
-1.2495e-13 80 80 1.5e+16 1.5e+16 0 1.08846 1.06035e-05
-1.249e-13 80 80 1.5e+16 1.5e+16 0 1.08836 1.0591e-05
-1.2485e-13 80 80 1.5e+16 1.5e+16 0 1.08827 1.05811e-05
-1.248e-13 80 80 1.5e+16 1.5e+16 0 1.08808 1.05574e-05
-1.2475e-13 80 80 1.5e+16 1.5e+16 0 1.0881 1.05608e-05
-1.247e-13 80 80 1.5e+16 1.5e+16 0 1.08902 1.06701e-05
-1.2465e-13 80 80 1.5e+16 1.5e+16 0 1.08809 1.05586e-05
-1.246e-13 80 80 1.5e+16 1.5e+16 0 1.0889 1.06558e-05
-1.2455e-13 80 80 1.5e+16 1.5e+16 0 1.0881 1.05597e-05
-1.245e-13 80 80 1.5e+16 1.5e+16 0 1.08784 1.0529e-05
-1.2445e-13 80 80 1.5e+16 1.5e+16 0 1.08869 1.06314e-05
-1.244e-13 80 80 1.5e+16 1.5e+16 0 1.08781 1.05248e-05
-1.2435e-13 80 80 1.5e+16 1.5e+16 0 1.0886 1.06203e-05
-1.243e-13 80 80 1.5e+16 1.5e+16 0 1.08883 1.06472e-05
-1.2425e-13 80 80 1.5e+16 1.5e+16 0 1.08777 1.05205e-05
-1.242e-13 80 80 1.5e+16 1.5e+16 0 1.08854 1.06124e-05
-1.2415e-13 80 80 1.5e+16 1.5e+16 0 1.0877 1.05122e-05
-1.241e-13 80 80 1.5e+16 1.5e+16 0 1.08741 1.04773e-05
-1.2405e-13 80 80 1.5e+16 1.5e+16 0 1.08712 1.04431e-05
-1.24e-13 80 80 1.5e+16 1.5e+16 0 1.08807 1.05566e-05
-1.2395e-13 80 80 1.5e+16 1.5e+16 0 1.0883 1.05847e-05
-1.239e-13 80 80 1.5e+16 1.5e+16 0 1.08727 1.04612e-05
-1.2385e-13 80 80 1.5e+16 1.5e+16 0 1.08698 1.04254e-05
-1.238e-13 80 80 1.5e+16 1.5e+16 0 1.08776 1.05199e-05
-1.2375e-13 80 80 1.5e+16 1.5e+16 0 1.08684 1.04097e-05
-1.237e-13 80 80 1.5e+16 1.5e+16 0 1.08645 1.03627e-05
-1.2365e-13 80 80 1.5e+16 1.5e+16 0 1.08629 1.03435e-05
-1.236e-13 80 80 1.5e+16 1.5e+16 0 1.08718 1.045e-05
-1.2355e-13 80 80 1.5e+16 1.5e+16 0 1.08637 1.03528e-05
-1.235e-13 80 80 1.5e+16 1.5e+16 0 1.08706 1.04361e-05
-1.2345e-13 80 80 1.5e+16 1.5e+16 0 1.08604 1.0313e-05
-1.234e-13 80 80 1.5e+16 1.5e+16 0 1.08678 1.04021e-05
-1.2335e-13 80 80 1.5e+16 1.5e+16 0 1.0858 1.0285e-05
-1.233e-13 80 80 1.5e+16 1.5e+16 0 1.08553 1.02517e-05
-1.2325e-13 80 80 1.5e+16 1.5e+16 0 1.08527 1.02215e-05
-1.232e-13 80 80 1.5e+16 1.5e+16 0 1.08632 1.03467e-05
-1.2315e-13 80 80 1.5e+16 1.5e+16 0 1.08659 1.03788e-05
-1.231e-13 80 80 1.5e+16 1.5e+16 0 1.08569 1.02708e-05
-1.2305e-13 80 80 1.5e+16 1.5e+16 0 1.0863 1.03441e-05
-1.23e-13 80 80 1.5e+16 1.5e+16 0 1.08532 1.02269e-05
-1.2295e-13 80 80 1.5e+16 1.5e+16 0 1.08509 1.01996e-05
-1.229e-13 80 80 1.5e+16 1.5e+16 0 1.0848 1.01643e-05
-1.2285e-13 80 80 1.5e+16 1.5e+16 0 1.08576 1.02792e-05
-1.228e-13 80 80 1.5e+16 1.5e+16 0 1.08481 1.01657e-05
-1.2275e-13 80 80 1.5e+16 1.5e+16 0 1.08561 1.02614e-05
-1.227e-13 80 80 1.5e+16 1.5e+16 0 1.08473 1.01562e-05
-1.2265e-13 80 80 1.5e+16 1.5e+16 0 1.08457 1.01367e-05
-1.226e-13 80 80 1.5e+16 1.5e+16 0 1.08443 1.01202e-05
-1.2255e-13 80 80 1.5e+16 1.5e+16 0 1.08414 1.0085e-05
-1.225e-13 80 80 1.5e+16 1.5e+16 0 1.08398 1.00665e-05
-1.2245e-13 80 80 1.5e+16 1.5e+16 0 1.08505 1.01945e-05
-1.224e-13 80 80 1.5e+16 1.5e+16 0 1.08429 1.01031e-05
-1.2235e-13 80 80 1.5e+16 1.5e+16 0 1.08387 1.00531e-05
-1.223e-13 80 80 1.5e+16 1.5e+16 0 1.08367 1.00288e-05
-1.2225e-13 80 80 1.5e+16 1.5e+16 0 1.08368 1.00299e-05
-1.222e-13 80 80 1.5e+16 1.5e+16 0 1.08467 1.01493e-05
-1.2215e-13 80 80 1.5e+16 1.5e+16 0 1.08497 1.01852e-05
-1.221e-13 80 80 1.5e+16 1.5e+16 0 1.08508 1.01982e-05
-1.2205e-13 80 80 1.5e+16 1.5e+16 0 1.08412 1.00836e-05
-1.22e-13 80 80 1.5e+16 1.5e+16 0 1.08362 1.00236e-05
-1.2195e-13 80 80 1.5e+16 1.5e+16 0 1.08341 9.99748e-06
-1.219e-13 80 80 1.5e+16 1.5e+16 0 1.08341 9.99773e-06
-1.2185e-13 80 80 1.5e+16 1.5e+16 0 1.08442 1.01186e-05
-1.218e-13 80 80 1.5e+16 1.5e+16 0 1.08462 1.01426e-05
-1.2175e-13 80 80 1.5e+16 1.5e+16 0 1.08465 1.01463e-05
-1.217e-13 80 80 1.5e+16 1.5e+16 0 1.08342 9.99972e-06
-1.2165e-13 80 80 1.5e+16 1.5e+16 0 1.08311 9.96209e-06
-1.216e-13 80 80 1.5e+16 1.5e+16 0 1.08284 9.92912e-06
-1.2155e-13 80 80 1.5e+16 1.5e+16 0 1.08286 9.93177e-06
-1.215e-13 80 80 1.5e+16 1.5e+16 0 1.08274 9.91743e-06
-1.2145e-13 80 80 1.5e+16 1.5e+16 0 1.08265 9.90679e-06
-1.214e-13 80 80 1.5e+16 1.5e+16 0 1.0835 1.00092e-05
-1.2135e-13 80 80 1.5e+16 1.5e+16 0 1.08372 1.00352e-05
-1.213e-13 80 80 1.5e+16 1.5e+16 0 1.08271 9.91456e-06
-1.2125e-13 80 80 1.5e+16 1.5e+16 0 1.08236 9.87208e-06
-1.212e-13 80 80 1.5e+16 1.5e+16 0 1.08219 9.85215e-06
-1.2115e-13 80 80 1.5e+16 1.5e+16 0 1.08309 9.95941e-06
-1.211e-13 80 80 1.5e+16 1.5e+16 0 1.08226 9.86023e-06
-1.2105e-13 80 80 1.5e+16 1.5e+16 0 1.08305 9.95499e-06
-1.21e-13 80 80 1.5e+16 1.5e+16 0 1.08324 9.97753e-06
-1.2095e-13 80 80 1.5e+16 1.5e+16 0 1.0823 9.86497e-06
-1.209e-13 80 80 1.5e+16 1.5e+16 0 1.08182 9.8075e-06
-1.2085e-13 80 80 1.5e+16 1.5e+16 0 1.08277 9.92142e-06
-1.208e-13 80 80 1.5e+16 1.5e+16 0 1.08179 9.80427e-06
-1.2075e-13 80 80 1.5e+16 1.5e+16 0 1.08153 9.77256e-06
-1.207e-13 80 80 1.5e+16 1.5e+16 0 1.08237 9.87389e-06
-1.2065e-13 80 80 1.5e+16 1.5e+16 0 1.08261 9.90165e-06
-1.206e-13 80 80 1.5e+16 1.5e+16 0 1.08268 9.91063e-06
-1.2055e-13 80 80 1.5e+16 1.5e+16 0 1.08167 9.78929e-06
-1.205e-13 80 80 1.5e+16 1.5e+16 0 1.08227 9.86078e-06
-1.2045e-13 80 80 1.5e+16 1.5e+16 0 1.0824 9.87668e-06
-1.204e-13 80 80 1.5e+16 1.5e+16 0 1.08243 9.88038e-06
-1.2035e-13 80 80 1.5e+16 1.5e+16 0 1.08131 9.74574e-06
-1.203e-13 80 80 1.5e+16 1.5e+16 0 1.08194 9.82232e-06
-1.2025e-13 80 80 1.5e+16 1.5e+16 0 1.081 9.7089e-06
-1.202e-13 80 80 1.5e+16 1.5e+16 0 1.08066 9.66852e-06
-1.2015e-13 80 80 1.5e+16 1.5e+16 0 1.08038 9.63432e-06
-1.201e-13 80 80 1.5e+16 1.5e+16 0 1.08016 9.60865e-06
-1.2005e-13 80 80 1.5e+16 1.5e+16 0 1.08117 9.72898e-06
-1.2e-13 80 80 1.5e+16 1.5e+16 0 1.08139 9.75542e-06
-1.1995e-13 80 80 1.5e+16 1.5e+16 0 1.08036 9.63251e-06
-1.199e-13 80 80 1.5e+16 1.5e+16 0 1.081 9.70953e-06
-1.1985e-13 80 80 1.5e+16 1.5e+16 0 1.08117 9.7299e-06
-1.198e-13 80 80 1.5e+16 1.5e+16 0 1.08121 9.73373e-06
-1.1975e-13 80 80 1.5e+16 1.5e+16 0 1.08017 9.61003e-06
-1.197e-13 80 80 1.5e+16 1.5e+16 0 1.07978 9.56323e-06
-1.1965e-13 80 80 1.5e+16 1.5e+16 0 1.08065 9.66747e-06
-1.196e-13 80 80 1.5e+16 1.5e+16 0 1.07982 9.56728e-06
-1.1955e-13 80 80 1.5e+16 1.5e+16 0 1.07933 9.50942e-06
-1.195e-13 80 80 1.5e+16 1.5e+16 0 1.07905 9.47489e-06
-1.1945e-13 80 80 1.5e+16 1.5e+16 0 1.07992 9.58012e-06
-1.194e-13 80 80 1.5e+16 1.5e+16 0 1.08006 9.59627e-06
-1.1935e-13 80 80 1.5e+16 1.5e+16 0 1.07892 9.45986e-06
-1.193e-13 80 80 1.5e+16 1.5e+16 0 1.07858 9.41896e-06
-1.1925e-13 80 80 1.5e+16 1.5e+16 0 1.07827 9.38154e-06
-1.192e-13 80 80 1.5e+16 1.5e+16 0 1.07822 9.37545e-06
-1.1915e-13 80 80 1.5e+16 1.5e+16 0 1.07919 9.49275e-06
-1.191e-13 80 80 1.5e+16 1.5e+16 0 1.07946 9.52409e-06
-1.1905e-13 80 80 1.5e+16 1.5e+16 0 1.07838 9.39515e-06
-1.19e-13 80 80 1.5e+16 1.5e+16 0 1.07806 9.35693e-06
-1.1895e-13 80 80 1.5e+16 1.5e+16 0 1.07789 9.33587e-06
-1.189e-13 80 80 1.5e+16 1.5e+16 0 1.07875 9.43895e-06
-1.1885e-13 80 80 1.5e+16 1.5e+16 0 1.07891 9.45893e-06
-1.188e-13 80 80 1.5e+16 1.5e+16 0 1.07778 9.32278e-06
-1.1875e-13 80 80 1.5e+16 1.5e+16 0 1.07738 9.27491e-06
-1.187e-13 80 80 1.5e+16 1.5e+16 0 1.07702 9.23215e-06
-1.1865e-13 80 80 1.5e+16 1.5e+16 0 1.07679 9.20433e-06
-1.186e-13 80 80 1.5e+16 1.5e+16 0 1.07778 9.32351e-06
-1.1855e-13 80 80 1.5e+16 1.5e+16 0 1.07802 9.35238e-06
-1.185e-13 80 80 1.5e+16 1.5e+16 0 1.07691 9.21874e-06
-1.1845e-13 80 80 1.5e+16 1.5e+16 0 1.07654 9.17459e-06
-1.184e-13 80 80 1.5e+16 1.5e+16 0 1.07623 9.13695e-06
-1.1835e-13 80 80 1.5e+16 1.5e+16 0 1.07717 9.24995e-06
-1.183e-13 80 80 1.5e+16 1.5e+16 0 1.07635 9.15235e-06
-1.1825e-13 80 80 1.5e+16 1.5e+16 0 1.07601 9.11137e-06
-1.182e-13 80 80 1.5e+16 1.5e+16 0 1.07575 9.08012e-06
-1.1815e-13 80 80 1.5e+16 1.5e+16 0 1.07553 9.053e-06
-1.181e-13 80 80 1.5e+16 1.5e+16 0 1.07545 9.04368e-06
-1.1805e-13 80 80 1.5e+16 1.5e+16 0 1.07534 9.03031e-06
-1.18e-13 80 80 1.5e+16 1.5e+16 0 1.07631 9.14654e-06
-1.1795e-13 80 80 1.5e+16 1.5e+16 0 1.07654 9.17509e-06
-1.179e-13 80 80 1.5e+16 1.5e+16 0 1.0755 9.05018e-06
-1.1785e-13 80 80 1.5e+16 1.5e+16 0 1.07623 9.13723e-06
-1.178e-13 80 80 1.5e+16 1.5e+16 0 1.07646 9.16548e-06
-1.1775e-13 80 80 1.5e+16 1.5e+16 0 1.07656 9.17677e-06
-1.177e-13 80 80 1.5e+16 1.5e+16 0 1.07546 9.045e-06
-1.1765e-13 80 80 1.5e+16 1.5e+16 0 1.07615 9.12756e-06
-1.176e-13 80 80 1.5e+16 1.5e+16 0 1.07625 9.14017e-06
-1.1755e-13 80 80 1.5e+16 1.5e+16 0 1.07621 9.13541e-06
-1.175e-13 80 80 1.5e+16 1.5e+16 0 1.07508 8.99975e-06
-1.1745e-13 80 80 1.5e+16 1.5e+16 0 1.07447 8.92668e-06
-1.174e-13 80 80 1.5e+16 1.5e+16 0 1.0742 8.89352e-06
-1.1735e-13 80 80 1.5e+16 1.5e+16 0 1.07398 8.86759e-06
-1.173e-13 80 80 1.5e+16 1.5e+16 0 1.07382 8.84873e-06
-1.1725e-13 80 80 1.5e+16 1.5e+16 0 1.0737 8.8339e-06
-1.172e-13 80 80 1.5e+16 1.5e+16 0 1.07486 8.97321e-06
-1.1715e-13 80 80 1.5e+16 1.5e+16 0 1.07402 8.87221e-06
-1.171e-13 80 80 1.5e+16 1.5e+16 0 1.07358 8.82001e-06
-1.1705e-13 80 80 1.5e+16 1.5e+16 0 1.07454 8.93485e-06
-1.17e-13 80 80 1.5e+16 1.5e+16 0 1.07479 8.96505e-06
-1.1695e-13 80 80 1.5e+16 1.5e+16 0 1.07364 8.82731e-06
-1.169e-13 80 80 1.5e+16 1.5e+16 0 1.0733 8.78625e-06
-1.1685e-13 80 80 1.5e+16 1.5e+16 0 1.07424 8.89909e-06
-1.168e-13 80 80 1.5e+16 1.5e+16 0 1.07448 8.92742e-06
-1.1675e-13 80 80 1.5e+16 1.5e+16 0 1.07334 8.79064e-06
-1.167e-13 80 80 1.5e+16 1.5e+16 0 1.07292 8.74049e-06
-1.1665e-13 80 80 1.5e+16 1.5e+16 0 1.07261 8.70379e-06
-1.166e-13 80 80 1.5e+16 1.5e+16 0 1.07253 8.69372e-06
-1.1655e-13 80 80 1.5e+16 1.5e+16 0 1.07235 8.67255e-06
-1.165e-13 80 80 1.5e+16 1.5e+16 0 1.07227 8.66279e-06
-1.1645e-13 80 80 1.5e+16 1.5e+16 0 1.07335 8.79254e-06
-1.164e-13 80 80 1.5e+16 1.5e+16 0 1.0725 8.68976e-06
-1.1635e-13 80 80 1.5e+16 1.5e+16 0 1.07333 8.78978e-06
-1.163e-13 80 80 1.5e+16 1.5e+16 0 1.07253 8.69427e-06
-1.1625e-13 80 80 1.5e+16 1.5e+16 0 1.07213 8.64601e-06
-1.162e-13 80 80 1.5e+16 1.5e+16 0 1.07311 8.76399e-06
-1.1615e-13 80 80 1.5e+16 1.5e+16 0 1.07233 8.67046e-06
-1.161e-13 80 80 1.5e+16 1.5e+16 0 1.07193 8.62229e-06
-1.1605e-13 80 80 1.5e+16 1.5e+16 0 1.07169 8.59366e-06
-1.16e-13 80 80 1.5e+16 1.5e+16 0 1.07271 8.7152e-06
-1.1595e-13 80 80 1.5e+16 1.5e+16 0 1.07181 8.60703e-06
-1.159e-13 80 80 1.5e+16 1.5e+16 0 1.07268 8.71206e-06
-1.1585e-13 80 80 1.5e+16 1.5e+16 0 1.0718 8.60667e-06
-1.158e-13 80 80 1.5e+16 1.5e+16 0 1.07271 8.71508e-06
-1.1575e-13 80 80 1.5e+16 1.5e+16 0 1.0718 8.60634e-06
-1.157e-13 80 80 1.5e+16 1.5e+16 0 1.07269 8.71296e-06
-1.1565e-13 80 80 1.5e+16 1.5e+16 0 1.07296 8.7456e-06
-1.156e-13 80 80 1.5e+16 1.5e+16 0 1.07182 8.60931e-06
-1.1555e-13 80 80 1.5e+16 1.5e+16 0 1.07134 8.55087e-06
-1.155e-13 80 80 1.5e+16 1.5e+16 0 1.07221 8.65525e-06
-1.1545e-13 80 80 1.5e+16 1.5e+16 0 1.07105 8.5167e-06
-1.154e-13 80 80 1.5e+16 1.5e+16 0 1.07066 8.4693e-06
-1.1535e-13 80 80 1.5e+16 1.5e+16 0 1.07156 8.57766e-06
-1.153e-13 80 80 1.5e+16 1.5e+16 0 1.07182 8.60911e-06
-1.1525e-13 80 80 1.5e+16 1.5e+16 0 1.07075 8.47998e-06
-1.152e-13 80 80 1.5e+16 1.5e+16 0 1.07026 8.42155e-06
-1.1515e-13 80 80 1.5e+16 1.5e+16 0 1.07006 8.39807e-06
-1.151e-13 80 80 1.5e+16 1.5e+16 0 1.06978 8.36419e-06
-1.1505e-13 80 80 1.5e+16 1.5e+16 0 1.07089 8.49743e-06
-1.15e-13 80 80 1.5e+16 1.5e+16 0 1.07005 8.39624e-06
-1.1495e-13 80 80 1.5e+16 1.5e+16 0 1.07089 8.49767e-06
-1.149e-13 80 80 1.5e+16 1.5e+16 0 1.07112 8.5252e-06
-1.1485e-13 80 80 1.5e+16 1.5e+16 0 1.07002 8.39339e-06
-1.148e-13 80 80 1.5e+16 1.5e+16 0 1.06959 8.34103e-06
-1.1475e-13 80 80 1.5e+16 1.5e+16 0 1.07055 8.45699e-06
-1.147e-13 80 80 1.5e+16 1.5e+16 0 1.06959 8.34167e-06
-1.1465e-13 80 80 1.5e+16 1.5e+16 0 1.0692 8.29416e-06
-1.146e-13 80 80 1.5e+16 1.5e+16 0 1.07004 8.39503e-06
-1.1455e-13 80 80 1.5e+16 1.5e+16 0 1.06905 8.27683e-06
-1.145e-13 80 80 1.5e+16 1.5e+16 0 1.06858 8.22073e-06
-1.1445e-13 80 80 1.5e+16 1.5e+16 0 1.06836 8.19449e-06
-1.144e-13 80 80 1.5e+16 1.5e+16 0 1.06935 8.3125e-06
-1.1435e-13 80 80 1.5e+16 1.5e+16 0 1.06848 8.20824e-06
-1.143e-13 80 80 1.5e+16 1.5e+16 0 1.06827 8.18295e-06
-1.1425e-13 80 80 1.5e+16 1.5e+16 0 1.06812 8.16494e-06
-1.142e-13 80 80 1.5e+16 1.5e+16 0 1.06809 8.16188e-06
-1.1415e-13 80 80 1.5e+16 1.5e+16 0 1.06922 8.29719e-06
-1.141e-13 80 80 1.5e+16 1.5e+16 0 1.06829 8.18506e-06
-1.1405e-13 80 80 1.5e+16 1.5e+16 0 1.06914 8.28724e-06
-1.14e-13 80 80 1.5e+16 1.5e+16 0 1.06826 8.18215e-06
-1.1395e-13 80 80 1.5e+16 1.5e+16 0 1.06777 8.12304e-06
-1.139e-13 80 80 1.5e+16 1.5e+16 0 1.06886 8.25404e-06
-1.1385e-13 80 80 1.5e+16 1.5e+16 0 1.06913 8.28576e-06
-1.138e-13 80 80 1.5e+16 1.5e+16 0 1.06795 8.14466e-06
-1.1375e-13 80 80 1.5e+16 1.5e+16 0 1.06869 8.23364e-06
-1.137e-13 80 80 1.5e+16 1.5e+16 0 1.06896 8.26545e-06
-1.1365e-13 80 80 1.5e+16 1.5e+16 0 1.06906 8.27784e-06
-1.136e-13 80 80 1.5e+16 1.5e+16 0 1.06906 8.2775e-06
-1.1355e-13 80 80 1.5e+16 1.5e+16 0 1.06784 8.13146e-06
-1.135e-13 80 80 1.5e+16 1.5e+16 0 1.06861 8.2245e-06
-1.1345e-13 80 80 1.5e+16 1.5e+16 0 1.06759 8.10141e-06
-1.134e-13 80 80 1.5e+16 1.5e+16 0 1.06843 8.2027e-06
-1.1335e-13 80 80 1.5e+16 1.5e+16 0 1.06873 8.23828e-06
-1.133e-13 80 80 1.5e+16 1.5e+16 0 1.06755 8.09656e-06
-1.1325e-13 80 80 1.5e+16 1.5e+16 0 1.06712 8.04572e-06
-1.132e-13 80 80 1.5e+16 1.5e+16 0 1.06815 8.16906e-06
-1.1315e-13 80 80 1.5e+16 1.5e+16 0 1.06842 8.20121e-06
-1.131e-13 80 80 1.5e+16 1.5e+16 0 1.06725 8.06073e-06
-1.1305e-13 80 80 1.5e+16 1.5e+16 0 1.06792 8.14177e-06
-1.13e-13 80 80 1.5e+16 1.5e+16 0 1.06683 8.01106e-06
-1.1295e-13 80 80 1.5e+16 1.5e+16 0 1.06773 8.11862e-06
-1.129e-13 80 80 1.5e+16 1.5e+16 0 1.06797 8.14731e-06
-1.1285e-13 80 80 1.5e+16 1.5e+16 0 1.06806 8.15856e-06
-1.128e-13 80 80 1.5e+16 1.5e+16 0 1.06814 8.16747e-06
-1.1275e-13 80 80 1.5e+16 1.5e+16 0 1.06697 8.02687e-06
-1.127e-13 80 80 1.5e+16 1.5e+16 0 1.06659 7.98217e-06
-1.1265e-13 80 80 1.5e+16 1.5e+16 0 1.06632 7.94932e-06
-1.126e-13 80 80 1.5e+16 1.5e+16 0 1.06621 7.9366e-06
-1.1255e-13 80 80 1.5e+16 1.5e+16 0 1.06594 7.90347e-06
-1.125e-13 80 80 1.5e+16 1.5e+16 0 1.06574 7.88048e-06
-1.1245e-13 80 80 1.5e+16 1.5e+16 0 1.06566 7.87039e-06
-1.124e-13 80 80 1.5e+16 1.5e+16 0 1.06547 7.84798e-06
-1.1235e-13 80 80 1.5e+16 1.5e+16 0 1.06536 7.83416e-06
-1.123e-13 80 80 1.5e+16 1.5e+16 0 1.06637 7.9557e-06
-1.1225e-13 80 80 1.5e+16 1.5e+16 0 1.06534 7.83163e-06
-1.122e-13 80 80 1.5e+16 1.5e+16 0 1.06498 7.78883e-06
-1.1215e-13 80 80 1.5e+16 1.5e+16 0 1.06469 7.75419e-06
-1.121e-13 80 80 1.5e+16 1.5e+16 0 1.06458 7.7414e-06
-1.1205e-13 80 80 1.5e+16 1.5e+16 0 1.06438 7.71644e-06
-1.12e-13 80 80 1.5e+16 1.5e+16 0 1.06434 7.71172e-06
-1.1195e-13 80 80 1.5e+16 1.5e+16 0 1.06429 7.70644e-06
-1.119e-13 80 80 1.5e+16 1.5e+16 0 1.06417 7.69238e-06
-1.1185e-13 80 80 1.5e+16 1.5e+16 0 1.06549 7.85e-06
-1.118e-13 80 80 1.5e+16 1.5e+16 0 1.06478 7.76528e-06
-1.1175e-13 80 80 1.5e+16 1.5e+16 0 1.0645 7.73093e-06
-1.117e-13 80 80 1.5e+16 1.5e+16 0 1.06422 7.69806e-06
-1.1165e-13 80 80 1.5e+16 1.5e+16 0 1.06539 7.83773e-06
-1.116e-13 80 80 1.5e+16 1.5e+16 0 1.0646 7.74291e-06
-1.1155e-13 80 80 1.5e+16 1.5e+16 0 1.06548 7.84911e-06
-1.115e-13 80 80 1.5e+16 1.5e+16 0 1.06577 7.88301e-06
-1.1145e-13 80 80 1.5e+16 1.5e+16 0 1.06464 7.74796e-06
-1.114e-13 80 80 1.5e+16 1.5e+16 0 1.06411 7.68459e-06
-1.1135e-13 80 80 1.5e+16 1.5e+16 0 1.06518 7.81237e-06
-1.113e-13 80 80 1.5e+16 1.5e+16 0 1.06425 7.70093e-06
-1.1125e-13 80 80 1.5e+16 1.5e+16 0 1.06381 7.6487e-06
-1.112e-13 80 80 1.5e+16 1.5e+16 0 1.06481 7.76844e-06
-1.1115e-13 80 80 1.5e+16 1.5e+16 0 1.06509 7.80224e-06
-1.111e-13 80 80 1.5e+16 1.5e+16 0 1.06407 7.67961e-06
-1.1105e-13 80 80 1.5e+16 1.5e+16 0 1.06488 7.77659e-06
-1.11e-13 80 80 1.5e+16 1.5e+16 0 1.064 7.67166e-06
-1.1095e-13 80 80 1.5e+16 1.5e+16 0 1.06483 7.77043e-06
-1.109e-13 80 80 1.5e+16 1.5e+16 0 1.06393 7.66262e-06
-1.1085e-13 80 80 1.5e+16 1.5e+16 0 1.06486 7.77404e-06
-1.108e-13 80 80 1.5e+16 1.5e+16 0 1.0651 7.80281e-06
-1.1075e-13 80 80 1.5e+16 1.5e+16 0 1.06377 7.64395e-06
-1.107e-13 80 80 1.5e+16 1.5e+16 0 1.06459 7.74168e-06
-1.1065e-13 80 80 1.5e+16 1.5e+16 0 1.0636 7.62374e-06
-1.106e-13 80 80 1.5e+16 1.5e+16 0 1.06451 7.73261e-06
-1.1055e-13 80 80 1.5e+16 1.5e+16 0 1.06353 7.61501e-06
-1.105e-13 80 80 1.5e+16 1.5e+16 0 1.06432 7.70995e-06
-1.1045e-13 80 80 1.5e+16 1.5e+16 0 1.06452 7.73429e-06
-1.104e-13 80 80 1.5e+16 1.5e+16 0 1.06341 7.60091e-06
-1.1035e-13 80 80 1.5e+16 1.5e+16 0 1.06295 7.54576e-06
-1.103e-13 80 80 1.5e+16 1.5e+16 0 1.06277 7.52356e-06
-1.1025e-13 80 80 1.5e+16 1.5e+16 0 1.06388 7.65702e-06
-1.102e-13 80 80 1.5e+16 1.5e+16 0 1.06302 7.55401e-06
-1.1015e-13 80 80 1.5e+16 1.5e+16 0 1.06393 7.66265e-06
-1.101e-13 80 80 1.5e+16 1.5e+16 0 1.06298 7.54927e-06
-1.1005e-13 80 80 1.5e+16 1.5e+16 0 1.06401 7.67267e-06
-1.1e-13 80 80 1.5e+16 1.5e+16 0 1.06312 7.56649e-06
-1.0995e-13 80 80 1.5e+16 1.5e+16 0 1.06404 7.67569e-06
-1.099e-13 80 80 1.5e+16 1.5e+16 0 1.06309 7.56188e-06
-1.0985e-13 80 80 1.5e+16 1.5e+16 0 1.06392 7.66174e-06
-1.098e-13 80 80 1.5e+16 1.5e+16 0 1.06301 7.55241e-06
-1.0975e-13 80 80 1.5e+16 1.5e+16 0 1.06256 7.49835e-06
-1.097e-13 80 80 1.5e+16 1.5e+16 0 1.06228 7.4648e-06
-1.0965e-13 80 80 1.5e+16 1.5e+16 0 1.0622 7.45528e-06
-1.096e-13 80 80 1.5e+16 1.5e+16 0 1.06205 7.43764e-06
-1.0955e-13 80 80 1.5e+16 1.5e+16 0 1.06211 7.44529e-06
-1.095e-13 80 80 1.5e+16 1.5e+16 0 1.06202 7.43466e-06
-1.0945e-13 80 80 1.5e+16 1.5e+16 0 1.06329 7.5866e-06
-1.094e-13 80 80 1.5e+16 1.5e+16 0 1.06369 7.6339e-06
-1.0935e-13 80 80 1.5e+16 1.5e+16 0 1.06259 7.50196e-06
-1.093e-13 80 80 1.5e+16 1.5e+16 0 1.06338 7.59761e-06
-1.0925e-13 80 80 1.5e+16 1.5e+16 0 1.06227 7.46444e-06
-1.092e-13 80 80 1.5e+16 1.5e+16 0 1.06192 7.42162e-06
-1.0915e-13 80 80 1.5e+16 1.5e+16 0 1.06305 7.55738e-06
-1.091e-13 80 80 1.5e+16 1.5e+16 0 1.06344 7.6045e-06
-1.0905e-13 80 80 1.5e+16 1.5e+16 0 1.0623 7.46797e-06
-1.09e-13 80 80 1.5e+16 1.5e+16 0 1.06326 7.58299e-06
-1.0895e-13 80 80 1.5e+16 1.5e+16 0 1.06227 7.46399e-06
-1.089e-13 80 80 1.5e+16 1.5e+16 0 1.06176 7.40252e-06
-1.0885e-13 80 80 1.5e+16 1.5e+16 0 1.06278 7.52526e-06
-1.088e-13 80 80 1.5e+16 1.5e+16 0 1.06307 7.5595e-06
-1.0875e-13 80 80 1.5e+16 1.5e+16 0 1.06181 7.40892e-06
-1.087e-13 80 80 1.5e+16 1.5e+16 0 1.06141 7.36142e-06
-1.0865e-13 80 80 1.5e+16 1.5e+16 0 1.06103 7.31526e-06
-1.086e-13 80 80 1.5e+16 1.5e+16 0 1.06093 7.30361e-06
-1.0855e-13 80 80 1.5e+16 1.5e+16 0 1.06077 7.2843e-06
-1.085e-13 80 80 1.5e+16 1.5e+16 0 1.06067 7.27176e-06
-1.0845e-13 80 80 1.5e+16 1.5e+16 0 1.06056 7.25946e-06
-1.084e-13 80 80 1.5e+16 1.5e+16 0 1.06061 7.26562e-06
-1.0835e-13 80 80 1.5e+16 1.5e+16 0 1.06189 7.41795e-06
-1.083e-13 80 80 1.5e+16 1.5e+16 0 1.06105 7.31732e-06
-1.0825e-13 80 80 1.5e+16 1.5e+16 0 1.06195 7.42615e-06
-1.082e-13 80 80 1.5e+16 1.5e+16 0 1.06099 7.3101e-06
-1.0815e-13 80 80 1.5e+16 1.5e+16 0 1.06178 7.40539e-06
-1.081e-13 80 80 1.5e+16 1.5e+16 0 1.06198 7.42927e-06
-1.0805e-13 80 80 1.5e+16 1.5e+16 0 1.06075 7.2814e-06
-1.08e-13 80 80 1.5e+16 1.5e+16 0 1.06026 7.22366e-06
-1.0795e-13 80 80 1.5e+16 1.5e+16 0 1.06004 7.19695e-06
-1.079e-13 80 80 1.5e+16 1.5e+16 0 1.06003 7.1961e-06
-1.0785e-13 80 80 1.5e+16 1.5e+16 0 1.06123 7.33954e-06
-1.078e-13 80 80 1.5e+16 1.5e+16 0 1.06036 7.23522e-06
-1.0775e-13 80 80 1.5e+16 1.5e+16 0 1.06134 7.35219e-06
-1.077e-13 80 80 1.5e+16 1.5e+16 0 1.06171 7.39653e-06
-1.0765e-13 80 80 1.5e+16 1.5e+16 0 1.06188 7.4179e-06
-1.076e-13 80 80 1.5e+16 1.5e+16 0 1.06202 7.43451e-06
-1.0755e-13 80 80 1.5e+16 1.5e+16 0 1.06074 7.28007e-06
-1.075e-13 80 80 1.5e+16 1.5e+16 0 1.06168 7.39312e-06
-1.0745e-13 80 80 1.5e+16 1.5e+16 0 1.062 7.43185e-06
-1.074e-13 80 80 1.5e+16 1.5e+16 0 1.06079 7.28711e-06
-1.0735e-13 80 80 1.5e+16 1.5e+16 0 1.06178 7.40497e-06
-1.073e-13 80 80 1.5e+16 1.5e+16 0 1.06072 7.27795e-06
-1.0725e-13 80 80 1.5e+16 1.5e+16 0 1.06151 7.37288e-06
-1.072e-13 80 80 1.5e+16 1.5e+16 0 1.06045 7.2456e-06
-1.0715e-13 80 80 1.5e+16 1.5e+16 0 1.06003 7.19549e-06
-1.071e-13 80 80 1.5e+16 1.5e+16 0 1.06104 7.31652e-06
-1.0705e-13 80 80 1.5e+16 1.5e+16 0 1.06135 7.35409e-06
-1.07e-13 80 80 1.5e+16 1.5e+16 0 1.06011 7.20474e-06
-1.0695e-13 80 80 1.5e+16 1.5e+16 0 1.05977 7.16441e-06
-1.069e-13 80 80 1.5e+16 1.5e+16 0 1.06045 7.24557e-06
-1.0685e-13 80 80 1.5e+16 1.5e+16 0 1.06256 7.49916e-06
-1.068e-13 80 80 1.5e+16 1.5e+16 0 1.06466 7.75058e-06
-1.0675e-13 80 80 1.5e+16 1.5e+16 0 1.06767 8.11177e-06
-1.067e-13 80 80 1.5e+16 1.5e+16 0 1.06964 8.34722e-06
-1.0665e-13 80 80 1.5e+16 1.5e+16 0 1.06987 8.37551e-06
-1.066e-13 80 80 1.5e+16 1.5e+16 0 1.07065 8.46823e-06
-1.0655e-13 80 80 1.5e+16 1.5e+16 0 1.07156 8.57716e-06
-1.065e-13 80 80 1.5e+16 1.5e+16 0 1.07389 8.85704e-06
-1.0645e-13 80 80 1.5e+16 1.5e+16 0 1.07416 8.88978e-06
-1.064e-13 80 80 1.5e+16 1.5e+16 0 1.07619 9.13285e-06
-1.0635e-13 80 80 1.5e+16 1.5e+16 0 1.07632 9.14809e-06
-1.063e-13 80 80 1.5e+16 1.5e+16 0 1.07725 9.2595e-06
-1.0625e-13 80 80 1.5e+16 1.5e+16 0 1.07782 9.32811e-06
-1.062e-13 80 80 1.5e+16 1.5e+16 0 1.07882 9.44784e-06
-1.0615e-13 80 80 1.5e+16 1.5e+16 0 1.07929 9.50454e-06
-1.061e-13 80 80 1.5e+16 1.5e+16 0 1.07995 9.58341e-06
-1.0605e-13 80 80 1.5e+16 1.5e+16 0 1.08062 9.66306e-06
-1.06e-13 80 80 1.5e+16 1.5e+16 0 1.08217 9.84928e-06
-1.0595e-13 80 80 1.5e+16 1.5e+16 0 1.08297 9.94556e-06
-1.059e-13 80 80 1.5e+16 1.5e+16 0 1.08248 9.88677e-06
-1.0585e-13 80 80 1.5e+16 1.5e+16 0 1.08244 9.88121e-06
-1.058e-13 80 80 1.5e+16 1.5e+16 0 1.08259 9.90028e-06
-1.0575e-13 80 80 1.5e+16 1.5e+16 0 1.08403 1.00718e-05
-1.057e-13 80 80 1.5e+16 1.5e+16 0 1.08364 1.00252e-05
-1.0565e-13 80 80 1.5e+16 1.5e+16 0 1.08486 1.01714e-05
-1.056e-13 80 80 1.5e+16 1.5e+16 0 1.08426 1.01002e-05
-1.0555e-13 80 80 1.5e+16 1.5e+16 0 1.08529 1.02232e-05
-1.055e-13 80 80 1.5e+16 1.5e+16 0 1.08581 1.0286e-05
-1.0545e-13 80 80 1.5e+16 1.5e+16 0 1.08515 1.02063e-05
-1.054e-13 80 80 1.5e+16 1.5e+16 0 1.08491 1.01782e-05
-1.0535e-13 80 80 1.5e+16 1.5e+16 0 1.08503 1.01922e-05
-1.053e-13 80 80 1.5e+16 1.5e+16 0 1.08618 1.03305e-05
-1.0525e-13 80 80 1.5e+16 1.5e+16 0 1.08658 1.03786e-05
-1.052e-13 80 80 1.5e+16 1.5e+16 0 1.08684 1.04093e-05
-1.0515e-13 80 80 1.5e+16 1.5e+16 0 1.08598 1.03056e-05
-1.051e-13 80 80 1.5e+16 1.5e+16 0 1.08683 1.04074e-05
-1.0505e-13 80 80 1.5e+16 1.5e+16 0 1.08613 1.03235e-05
-1.05e-13 80 80 1.5e+16 1.5e+16 0 1.087 1.04282e-05
-1.0495e-13 80 80 1.5e+16 1.5e+16 0 1.08628 1.03415e-05
-1.049e-13 80 80 1.5e+16 1.5e+16 0 1.08713 1.04436e-05
-1.0485e-13 80 80 1.5e+16 1.5e+16 0 1.08645 1.03629e-05
-1.048e-13 80 80 1.5e+16 1.5e+16 0 1.0873 1.04648e-05
-1.0475e-13 80 80 1.5e+16 1.5e+16 0 1.08655 1.03738e-05
-1.047e-13 80 80 1.5e+16 1.5e+16 0 1.08613 1.03238e-05
-1.0465e-13 80 80 1.5e+16 1.5e+16 0 1.0872 1.04524e-05
-1.046e-13 80 80 1.5e+16 1.5e+16 0 1.08749 1.04874e-05
-1.0455e-13 80 80 1.5e+16 1.5e+16 0 1.0877 1.05123e-05
-1.045e-13 80 80 1.5e+16 1.5e+16 0 1.08685 1.041e-05
-1.0445e-13 80 80 1.5e+16 1.5e+16 0 1.08662 1.03825e-05
-1.044e-13 80 80 1.5e+16 1.5e+16 0 1.08639 1.03557e-05
-1.0435e-13 80 80 1.5e+16 1.5e+16 0 1.08637 1.03527e-05
-1.043e-13 80 80 1.5e+16 1.5e+16 0 1.08738 1.04735e-05
-1.0425e-13 80 80 1.5e+16 1.5e+16 0 1.08654 1.03729e-05
-1.042e-13 80 80 1.5e+16 1.5e+16 0 1.0862 1.03321e-05
-1.0415e-13 80 80 1.5e+16 1.5e+16 0 1.08728 1.04616e-05
-1.041e-13 80 80 1.5e+16 1.5e+16 0 1.08764 1.05051e-05
-1.0405e-13 80 80 1.5e+16 1.5e+16 0 1.08668 1.03896e-05
-1.04e-13 80 80 1.5e+16 1.5e+16 0 1.08754 1.04928e-05
-1.0395e-13 80 80 1.5e+16 1.5e+16 0 1.08678 1.04019e-05
-1.039e-13 80 80 1.5e+16 1.5e+16 0 1.08642 1.03593e-05
-1.0385e-13 80 80 1.5e+16 1.5e+16 0 1.0874 1.04767e-05
-1.038e-13 80 80 1.5e+16 1.5e+16 0 1.08767 1.0509e-05
-1.0375e-13 80 80 1.5e+16 1.5e+16 0 1.08779 1.0523e-05
-1.037e-13 80 80 1.5e+16 1.5e+16 0 1.08689 1.04155e-05
-1.0365e-13 80 80 1.5e+16 1.5e+16 0 1.08646 1.03642e-05
-1.036e-13 80 80 1.5e+16 1.5e+16 0 1.0863 1.03448e-05
-1.0355e-13 80 80 1.5e+16 1.5e+16 0 1.08617 1.03288e-05
-1.035e-13 80 80 1.5e+16 1.5e+16 0 1.08621 1.03341e-05
-1.0345e-13 80 80 1.5e+16 1.5e+16 0 1.08617 1.03293e-05
-1.034e-13 80 80 1.5e+16 1.5e+16 0 1.08613 1.03241e-05
-1.0335e-13 80 80 1.5e+16 1.5e+16 0 1.08612 1.03231e-05
-1.033e-13 80 80 1.5e+16 1.5e+16 0 1.08711 1.04418e-05
-1.0325e-13 80 80 1.5e+16 1.5e+16 0 1.08626 1.03391e-05
-1.032e-13 80 80 1.5e+16 1.5e+16 0 1.08594 1.0301e-05
-1.0315e-13 80 80 1.5e+16 1.5e+16 0 1.08581 1.02858e-05
-1.031e-13 80 80 1.5e+16 1.5e+16 0 1.08591 1.02976e-05
-1.0305e-13 80 80 1.5e+16 1.5e+16 0 1.08591 1.0298e-05
-1.03e-13 80 80 1.5e+16 1.5e+16 0 1.087 1.04288e-05
-1.0295e-13 80 80 1.5e+16 1.5e+16 0 1.08624 1.03376e-05
-1.029e-13 80 80 1.5e+16 1.5e+16 0 1.08714 1.04455e-05
-1.0285e-13 80 80 1.5e+16 1.5e+16 0 1.08631 1.03455e-05
-1.028e-13 80 80 1.5e+16 1.5e+16 0 1.08587 1.02931e-05
-1.0275e-13 80 80 1.5e+16 1.5e+16 0 1.08579 1.02833e-05
-1.027e-13 80 80 1.5e+16 1.5e+16 0 1.08671 1.03936e-05
-1.0265e-13 80 80 1.5e+16 1.5e+16 0 1.0858 1.02847e-05
-1.026e-13 80 80 1.5e+16 1.5e+16 0 1.0855 1.02486e-05
-1.0255e-13 80 80 1.5e+16 1.5e+16 0 1.08668 1.03897e-05
-1.025e-13 80 80 1.5e+16 1.5e+16 0 1.08582 1.02873e-05
-1.0245e-13 80 80 1.5e+16 1.5e+16 0 1.08575 1.02785e-05
-1.024e-13 80 80 1.5e+16 1.5e+16 0 1.08561 1.02612e-05
-1.0235e-13 80 80 1.5e+16 1.5e+16 0 1.08567 1.0269e-05
-1.023e-13 80 80 1.5e+16 1.5e+16 0 1.08547 1.02446e-05
-1.0225e-13 80 80 1.5e+16 1.5e+16 0 1.08533 1.02286e-05
-1.022e-13 80 80 1.5e+16 1.5e+16 0 1.08643 1.03601e-05
-1.0215e-13 80 80 1.5e+16 1.5e+16 0 1.08577 1.02811e-05
-1.021e-13 80 80 1.5e+16 1.5e+16 0 1.08669 1.03915e-05
-1.0205e-13 80 80 1.5e+16 1.5e+16 0 1.087 1.0428e-05
-1.02e-13 80 80 1.5e+16 1.5e+16 0 1.08614 1.03249e-05
-1.0195e-13 80 80 1.5e+16 1.5e+16 0 1.08693 1.04198e-05
-1.019e-13 80 80 1.5e+16 1.5e+16 0 1.08612 1.03231e-05
-1.0185e-13 80 80 1.5e+16 1.5e+16 0 1.08574 1.02776e-05
-1.018e-13 80 80 1.5e+16 1.5e+16 0 1.0854 1.02363e-05
-1.0175e-13 80 80 1.5e+16 1.5e+16 0 1.08635 1.03506e-05
-1.017e-13 80 80 1.5e+16 1.5e+16 0 1.08552 1.02509e-05
-1.0165e-13 80 80 1.5e+16 1.5e+16 0 1.08523 1.02164e-05
-1.016e-13 80 80 1.5e+16 1.5e+16 0 1.08614 1.03255e-05
-1.0155e-13 80 80 1.5e+16 1.5e+16 0 1.08646 1.03641e-05
-1.015e-13 80 80 1.5e+16 1.5e+16 0 1.08558 1.02587e-05
-1.0145e-13 80 80 1.5e+16 1.5e+16 0 1.08635 1.0351e-05
-1.014e-13 80 80 1.5e+16 1.5e+16 0 1.08657 1.03764e-05
-1.0135e-13 80 80 1.5e+16 1.5e+16 0 1.08663 1.03843e-05
-1.013e-13 80 80 1.5e+16 1.5e+16 0 1.08669 1.03907e-05
-1.0125e-13 80 80 1.5e+16 1.5e+16 0 1.08577 1.02803e-05
-1.012e-13 80 80 1.5e+16 1.5e+16 0 1.08648 1.03655e-05
-1.0115e-13 80 80 1.5e+16 1.5e+16 0 1.0855 1.02485e-05
-1.011e-13 80 80 1.5e+16 1.5e+16 0 1.08509 1.01995e-05
-1.0105e-13 80 80 1.5e+16 1.5e+16 0 1.08611 1.03214e-05
-1.01e-13 80 80 1.5e+16 1.5e+16 0 1.08637 1.03531e-05
-1.0095e-13 80 80 1.5e+16 1.5e+16 0 1.08535 1.02306e-05
-1.009e-13 80 80 1.5e+16 1.5e+16 0 1.085 1.01889e-05
-1.0085e-13 80 80 1.5e+16 1.5e+16 0 1.08609 1.03193e-05
-1.008e-13 80 80 1.5e+16 1.5e+16 0 1.0864 1.03565e-05
-1.0075e-13 80 80 1.5e+16 1.5e+16 0 1.08654 1.03729e-05
-1.007e-13 80 80 1.5e+16 1.5e+16 0 1.08556 1.02559e-05
-1.0065e-13 80 80 1.5e+16 1.5e+16 0 1.085 1.0189e-05
-1.006e-13 80 80 1.5e+16 1.5e+16 0 1.08594 1.03008e-05
-1.0055e-13 80 80 1.5e+16 1.5e+16 0 1.08511 1.02014e-05
-1.005e-13